201	6	5725
1	295.0	335.0	28904	11451	0.30
2	46.0	308.0	132	198	0	66	0.23
3	193.0	96.0	148	222	0	74	0.32
4	401.0	145.0	152	228	0	76	0.33
5	79.0	102.0	126	189	0	63	0.23
6	359.0	22.0	93	186	0	93	0.18
7	430.0	444.0	28	56	0	28	0.29
8	50.0	498.0	81	162	0	81	0.42
9	46.0	32.0	54	108	0	54	0.42
10	18.0	473.0	164	246	0	82	0.24
11	104.0	308.0	88	132	0	44	0.43
12	379.0	57.0	90	180	0	90	0.18
13	103.0	391.0	48	96	0	48	0.22
14	276.0	3.0	54	81	0	27	0.24
15	353.0	163.0	81	162	0	81	0.31
16	301.0	180.0	75	150	0	75	0.22
17	118.0	347.0	19	38	0	19	0.38
18	485.0	305.0	81	162	0	81	0.13
19	253.0	386.0	63	126	0	63	0.43
20	389.0	222.0	180	270	0	90	0.37
21	285.0	171.0	64	128	0	64	0.17
22	99.0	118.0	50	75	0	25	0.45
23	232.0	158.0	192	288	0	96	0.46
24	251.0	265.0	77	154	0	77	0.22
25	429.0	457.0	132	198	0	66	0.28
26	168.0	114.0	42	63	0	21	0.21
27	478.0	147.0	160	240	0	80	0.47
28	388.0	160.0	144	216	0	72	0.32
29	405.0	182.0	41	82	0	41	0.16
30	155.0	153.0	192	288	0	96	0.10
31	287.0	17.0	160	240	0	80	0.14
32	434.0	436.0	87	174	0	87	0.35
33	211.0	334.0	21	42	0	21	0.35
34	8.0	252.0	158	237	0	79	0.29
35	280.0	337.0	168	252	0	84	0.24
36	146.0	58.0	88	176	0	88	0.21
37	387.0	241.0	29	58	0	29	0.23
38	448.0	487.0	79	158	0	79	0.33
39	380.0	197.0	48	96	0	48	0.46
40	194.0	340.0	158	237	0	79	0.36
41	396.0	159.0	17	34	0	17	0.29
42	181.0	453.0	88	132	0	44	0.43
43	177.0	77.0	91	182	0	91	0.19
44	112.0	207.0	156	234	0	78	0.31
45	366.0	364.0	35	70	0	35	0.31
46	441.0	296.0	166	249	0	83	0.39
47	256.0	226.0	34	51	0	17	0.23
48	70.0	106.0	66	132	0	66	0.44
49	38.0	277.0	63	126	0	63	0.39
50	129.0	205.0	94	188	0	94	0.25
51	264.0	218.0	35	70	0	35	0.37
52	270.0	50.0	152	228	0	76	0.41
53	284.0	482.0	98	196	0	98	0.25
54	190.0	93.0	85	170	0	85	0.40
55	371.0	112.0	55	110	0	55	0.34
56	295.0	307.0	198	297	0	99	0.37
57	257.0	284.0	92	138	0	46	0.45
58	121.0	84.0	39	78	0	39	0.49
59	65.0	372.0	10	20	0	10	0.14
60	489.0	185.0	51	102	0	51	0.34
61	222.0	492.0	19	38	0	19	0.12
62	303.0	113.0	164	246	0	82	0.12
63	474.0	459.0	150	225	0	75	0.17
64	259.0	354.0	34	51	0	17	0.18
65	318.0	229.0	44	88	0	44	0.45
66	327.0	331.0	66	132	0	66	0.48
67	82.0	203.0	40	80	0	40	0.36
68	47.0	105.0	196	294	0	98	0.46
69	68.0	108.0	72	108	0	36	0.29
70	234.0	400.0	192	288	0	96	0.39
71	30.0	430.0	45	90	0	45	0.10
72	379.0	336.0	156	234	0	78	0.44
73	496.0	131.0	92	138	0	46	0.41
74	159.0	455.0	174	261	0	87	0.16
75	412.0	311.0	78	117	0	39	0.22
76	437.0	68.0	142	213	0	71	0.36
77	376.0	386.0	168	252	0	84	0.26
78	181.0	449.0	10	20	0	10	0.30
79	118.0	127.0	72	108	0	36	0.35
80	366.0	148.0	106	159	0	53	0.38
81	148.0	152.0	73	146	0	73	0.21
82	401.0	29.0	190	285	0	95	0.20
83	471.0	156.0	196	294	0	98	0.16
84	347.0	96.0	12	24	0	12	0.45
85	170.0	8.0	54	108	0	54	0.37
86	250.0	119.0	27	54	0	27	0.22
87	298.0	96.0	188	282	0	94	0.24
88	345.0	454.0	76	152	0	76	0.20
89	499.0	307.0	36	54	0	18	0.50
90	246.0	380.0	81	162	0	81	0.45
91	359.0	371.0	90	135	0	45	0.23
92	408.0	366.0	102	153	0	51	0.13
93	283.0	157.0	100	150	0	50	0.30
94	181.0	492.0	99	198	0	99	0.15
95	152.0	335.0	79	158	0	79	0.46
96	108.0	487.0	61	122	0	61	0.28
97	313.0	243.0	90	180	0	90	0.15
98	263.0	53.0	80	120	0	40	0.27
99	83.0	339.0	188	282	0	94	0.38
100	357.0	475.0	100	150	0	50	0.16
101	124.0	357.0	184	276	0	92	0.25
102	168.0	444.0	140	210	0	70	0.37
103	265.0	206.0	58	116	0	58	0.45
104	329.0	256.0	46	69	0	23	0.41
105	220.0	11.0	98	147	0	49	0.31
106	298.0	156.0	12	24	0	12	0.39
107	238.0	158.0	15	30	0	15	0.11
108	309.0	258.0	56	84	0	28	0.23
109	124.0	110.0	83	166	0	83	0.24
110	245.0	103.0	48	72	0	24	0.49
111	420.0	175.0	50	100	0	50	0.32
112	105.0	225.0	134	201	0	67	0.29
113	70.0	35.0	182	273	0	91	0.32
114	89.0	414.0	40	80	0	40	0.46
115	467.0	259.0	31	62	0	31	0.20
116	109.0	485.0	41	82	0	41	0.27
117	482.0	55.0	106	159	0	53	0.34
118	268.0	176.0	124	186	0	62	0.15
119	208.0	360.0	158	237	0	79	0.16
120	95.0	65.0	60	120	0	60	0.22
121	359.0	433.0	120	180	0	60	0.46
122	326.0	250.0	69	138	0	69	0.40
123	213.0	484.0	20	40	0	20	0.11
124	385.0	37.0	95	190	0	95	0.16
125	338.0	434.0	64	128	0	64	0.21
126	145.0	398.0	89	178	0	89	0.14
127	229.0	52.0	48	72	0	24	0.25
128	216.0	170.0	28	56	0	28	0.26
129	26.0	383.0	23	46	0	23	0.42
130	356.0	27.0	54	81	0	27	0.17
131	362.0	400.0	94	141	0	47	0.45
132	198.0	16.0	76	114	0	38	0.31
133	324.0	152.0	68	136	0	68	0.30
134	274.0	191.0	152	228	0	76	0.43
135	351.0	177.0	110	165	0	55	0.44
136	119.0	67.0	152	228	0	76	0.45
137	131.0	487.0	24	36	0	12	0.50
138	300.0	415.0	138	207	0	69	0.29
139	88.0	101.0	76	114	0	38	0.45
140	25.0	407.0	60	90	0	30	0.28
141	207.0	105.0	90	135	0	45	0.46
142	342.0	137.0	93	186	0	93	0.32
143	119.0	151.0	83	166	0	83	0.32
144	136.0	218.0	61	122	0	61	0.29
145	67.0	497.0	40	80	0	40	0.43
146	383.0	257.0	180	270	0	90	0.14
147	359.0	257.0	72	144	0	72	0.27
148	291.0	24.0	66	132	0	66	0.36
149	182.0	179.0	70	105	0	35	0.31
150	498.0	376.0	50	100	0	50	0.45
151	445.0	293.0	30	45	0	15	0.36
152	176.0	394.0	55	110	0	55	0.34
153	28.0	262.0	50	100	0	50	0.20
154	310.0	34.0	192	288	0	96	0.50
155	197.0	114.0	106	159	0	53	0.18
156	275.0	82.0	134	201	0	67	0.22
157	8.0	12.0	37	74	0	37	0.21
158	202.0	182.0	14	28	0	14	0.31
159	415.0	38.0	68	136	0	68	0.19
160	107.0	330.0	40	80	0	40	0.11
161	361.0	499.0	83	166	0	83	0.29
162	448.0	206.0	124	186	0	62	0.41
163	24.0	222.0	83	166	0	83	0.46
164	81.0	485.0	27	54	0	27	0.11
165	10.0	288.0	29	58	0	29	0.21
166	137.0	192.0	190	285	0	95	0.11
167	344.0	153.0	140	210	0	70	0.21
168	318.0	278.0	30	60	0	30	0.27
169	218.0	365.0	80	160	0	80	0.29
170	57.0	426.0	54	81	0	27	0.14
171	318.0	12.0	182	273	0	91	0.22
172	414.0	72.0	43	86	0	43	0.44
173	405.0	371.0	41	82	0	41	0.47
174	298.0	323.0	126	189	0	63	0.35
175	164.0	459.0	37	74	0	37	0.38
176	476.0	336.0	48	96	0	48	0.36
177	456.0	24.0	54	108	0	54	0.31
178	16.0	311.0	82	123	0	41	0.24
179	330.0	297.0	134	201	0	67	0.43
180	323.0	288.0	62	93	0	31	0.32
181	125.0	246.0	144	216	0	72	0.30
182	434.0	340.0	96	144	0	48	0.31
183	317.0	403.0	52	78	0	26	0.14
184	170.0	418.0	158	237	0	79	0.23
185	479.0	120.0	56	112	0	56	0.31
186	230.0	61.0	50	75	0	25	0.16
187	355.0	256.0	48	72	0	24	0.42
188	30.0	41.0	84	126	0	42	0.14
189	319.0	300.0	66	132	0	66	0.30
190	237.0	72.0	78	117	0	39	0.34
191	462.0	488.0	33	66	0	33	0.39
192	48.0	97.0	42	84	0	42	0.12
193	129.0	6.0	26	52	0	26	0.10
194	171.0	350.0	72	108	0	36	0.17
195	132.0	353.0	66	132	0	66	0.32
196	147.0	362.0	96	144	0	48	0.35
197	10.0	157.0	47	94	0	47	0.31
198	158.0	16.0	194	291	0	97	0.23
199	226.0	111.0	33	66	0	33	0.26
200	207.0	308.0	104	156	0	52	0.20
201	266.0	385.0	88	176	0	88	0.46
