DIMENSION: 201
HORIZON: 6
SUPPLIER_COORD_COORD_STARTING LEVEL_ QUANTITY MADE AVAILABLE_COST 
1	 452.0	 353.0	 28497	 11315	 0.30
RETAILER_COORD_COORD_STARTING LEVEL_MAX LEVEL_MIN LEVEL_COST
2	 465.0	 86.0	 72	 108	 0	 0.16
3	 433.0	 465.0	 21	 42	 0	 0.32
4	 14.0	 457.0	 49	 98	 0	 0.45
5	 296.0	 25.0	 198	 297	 0	 0.21
6	 95.0	 228.0	 62	 93	 0	 0.46
7	 305.0	 449.0	 10	 20	 0	 0.38
8	 8.0	 484.0	 98	 196	 0	 0.45
9	 467.0	 323.0	 92	 184	 0	 0.47
10	 189.0	 231.0	 34	 51	 0	 0.29
11	 48.0	 88.0	 164	 246	 0	 0.24
12	 294.0	 78.0	 95	 190	 0	 0.48
13	 34.0	 418.0	 76	 114	 0	 0.14
14	 263.0	 32.0	 180	 270	 0	 0.28
15	 31.0	 130.0	 184	 276	 0	 0.24
16	 13.0	 304.0	 35	 70	 0	 0.49
17	 188.0	 474.0	 22	 33	 0	 0.15
18	 351.0	 59.0	 91	 182	 0	 0.41
19	 30.0	 361.0	 188	 282	 0	 0.24
20	 390.0	 225.0	 196	 294	 0	 0.37
21	 358.0	 212.0	 19	 38	 0	 0.40
22	 499.0	 188.0	 71	 142	 0	 0.37
23	 324.0	 81.0	 134	 201	 0	 0.46
24	 15.0	 158.0	 52	 104	 0	 0.12
25	 297.0	 79.0	 66	 99	 0	 0.35
26	 184.0	 144.0	 74	 111	 0	 0.38
27	 281.0	 478.0	 83	 166	 0	 0.18
28	 388.0	 103.0	 188	 282	 0	 0.26
29	 58.0	 326.0	 112	 168	 0	 0.34
30	 58.0	 30.0	 136	 204	 0	 0.15
31	 373.0	 179.0	 85	 170	 0	 0.11
32	 344.0	 366.0	 68	 136	 0	 0.19
33	 119.0	 345.0	 74	 111	 0	 0.20
34	 82.0	 26.0	 77	 154	 0	 0.40
35	 309.0	 375.0	 66	 99	 0	 0.34
36	 467.0	 80.0	 156	 234	 0	 0.43
37	 377.0	 419.0	 50	 75	 0	 0.21
38	 482.0	 379.0	 142	 213	 0	 0.36
39	 308.0	 476.0	 39	 78	 0	 0.14
40	 447.0	 403.0	 78	 156	 0	 0.31
41	 466.0	 95.0	 174	 261	 0	 0.38
42	 313.0	 38.0	 164	 246	 0	 0.20
43	 279.0	 270.0	 36	 54	 0	 0.21
44	 125.0	 76.0	 124	 186	 0	 0.23
45	 167.0	 140.0	 88	 176	 0	 0.16
46	 413.0	 460.0	 40	 60	 0	 0.21
47	 65.0	 262.0	 88	 176	 0	 0.17
48	 206.0	 66.0	 31	 62	 0	 0.29
49	 380.0	 270.0	 184	 276	 0	 0.21
50	 296.0	 53.0	 48	 96	 0	 0.36
51	 143.0	 180.0	 89	 178	 0	 0.36
52	 201.0	 0.0	 41	 82	 0	 0.41
53	 346.0	 326.0	 174	 261	 0	 0.41
54	 405.0	 438.0	 88	 132	 0	 0.30
55	 212.0	 120.0	 32	 48	 0	 0.47
56	 450.0	 74.0	 96	 192	 0	 0.36
57	 76.0	 343.0	 16	 32	 0	 0.36
58	 216.0	 345.0	 70	 105	 0	 0.41
59	 152.0	 226.0	 22	 33	 0	 0.47
60	 395.0	 358.0	 130	 195	 0	 0.12
61	 229.0	 423.0	 20	 30	 0	 0.29
62	 30.0	 139.0	 12	 24	 0	 0.28
63	 242.0	 99.0	 32	 64	 0	 0.35
64	 92.0	 49.0	 83	 166	 0	 0.46
65	 181.0	 293.0	 170	 255	 0	 0.37
66	 275.0	 314.0	 38	 76	 0	 0.26
67	 328.0	 35.0	 41	 82	 0	 0.35
68	 478.0	 55.0	 82	 164	 0	 0.13
69	 183.0	 82.0	 190	 285	 0	 0.41
70	 348.0	 5.0	 66	 132	 0	 0.25
71	 303.0	 300.0	 184	 276	 0	 0.13
72	 298.0	 365.0	 122	 183	 0	 0.27
73	 467.0	 316.0	 24	 36	 0	 0.38
74	 95.0	 56.0	 61	 122	 0	 0.25
75	 125.0	 117.0	 35	 70	 0	 0.49
76	 370.0	 184.0	 166	 249	 0	 0.28
77	 265.0	 366.0	 30	 60	 0	 0.14
78	 310.0	 490.0	 11	 22	 0	 0.10
79	 181.0	 275.0	 95	 190	 0	 0.16
80	 167.0	 484.0	 89	 178	 0	 0.11
81	 481.0	 22.0	 11	 22	 0	 0.41
82	 17.0	 298.0	 58	 116	 0	 0.31
83	 212.0	 62.0	 82	 164	 0	 0.33
84	 471.0	 461.0	 34	 68	 0	 0.44
85	 201.0	 81.0	 186	 279	 0	 0.43
86	 7.0	 191.0	 190	 285	 0	 0.48
87	 482.0	 466.0	 80	 120	 0	 0.35
88	 455.0	 40.0	 48	 96	 0	 0.32
89	 497.0	 70.0	 192	 288	 0	 0.48
90	 462.0	 305.0	 196	 294	 0	 0.44
91	 95.0	 218.0	 182	 273	 0	 0.23
92	 83.0	 162.0	 136	 204	 0	 0.35
93	 338.0	 71.0	 108	 162	 0	 0.14
94	 318.0	 427.0	 91	 182	 0	 0.23
95	 28.0	 352.0	 76	 152	 0	 0.14
96	 83.0	 371.0	 158	 237	 0	 0.34
97	 130.0	 436.0	 95	 190	 0	 0.18
98	 131.0	 36.0	 96	 144	 0	 0.16
99	 330.0	 398.0	 42	 84	 0	 0.47
100	 73.0	 256.0	 108	 162	 0	 0.32
101	 240.0	 79.0	 23	 46	 0	 0.39
102	 184.0	 444.0	 142	 213	 0	 0.42
103	 150.0	 65.0	 49	 98	 0	 0.39
104	 296.0	 60.0	 104	 156	 0	 0.43
105	 205.0	 113.0	 94	 141	 0	 0.25
106	 487.0	 68.0	 60	 90	 0	 0.17
107	 381.0	 82.0	 120	 180	 0	 0.20
108	 99.0	 80.0	 34	 51	 0	 0.22
109	 247.0	 103.0	 54	 81	 0	 0.28
110	 457.0	 32.0	 68	 136	 0	 0.44
111	 209.0	 252.0	 100	 150	 0	 0.31
112	 52.0	 257.0	 47	 94	 0	 0.43
113	 201.0	 359.0	 36	 54	 0	 0.28
114	 397.0	 148.0	 84	 126	 0	 0.13
115	 177.0	 91.0	 49	 98	 0	 0.29
116	 93.0	 358.0	 51	 102	 0	 0.18
117	 329.0	 55.0	 88	 176	 0	 0.49
118	 184.0	 262.0	 164	 246	 0	 0.21
119	 81.0	 101.0	 71	 142	 0	 0.29
120	 458.0	 157.0	 62	 124	 0	 0.12
121	 97.0	 334.0	 124	 186	 0	 0.14
122	 267.0	 6.0	 126	 189	 0	 0.28
123	 139.0	 349.0	 46	 69	 0	 0.22
124	 359.0	 376.0	 106	 159	 0	 0.27
125	 387.0	 342.0	 36	 54	 0	 0.38
126	 452.0	 489.0	 87	 174	 0	 0.49
127	 296.0	 22.0	 120	 180	 0	 0.42
128	 163.0	 209.0	 30	 45	 0	 0.50
129	 267.0	 332.0	 51	 102	 0	 0.14
130	 68.0	 276.0	 184	 276	 0	 0.40
131	 125.0	 5.0	 28	 56	 0	 0.38
132	 486.0	 168.0	 27	 54	 0	 0.18
133	 242.0	 24.0	 110	 165	 0	 0.11
134	 247.0	 412.0	 80	 120	 0	 0.15
135	 16.0	 270.0	 20	 30	 0	 0.33
136	 192.0	 174.0	 88	 132	 0	 0.41
137	 316.0	 373.0	 64	 96	 0	 0.49
138	 4.0	 150.0	 130	 195	 0	 0.40
139	 385.0	 12.0	 23	 46	 0	 0.39
140	 259.0	 74.0	 32	 64	 0	 0.32
141	 78.0	 58.0	 190	 285	 0	 0.10
142	 428.0	 370.0	 37	 74	 0	 0.32
143	 194.0	 13.0	 40	 60	 0	 0.35
144	 361.0	 184.0	 77	 154	 0	 0.43
145	 177.0	 476.0	 46	 92	 0	 0.23
146	 338.0	 71.0	 94	 188	 0	 0.45
147	 94.0	 75.0	 91	 182	 0	 0.17
148	 412.0	 240.0	 37	 74	 0	 0.30
149	 329.0	 296.0	 80	 160	 0	 0.19
150	 489.0	 267.0	 100	 150	 0	 0.44
151	 453.0	 438.0	 62	 124	 0	 0.26
152	 262.0	 446.0	 14	 28	 0	 0.14
153	 280.0	 121.0	 106	 159	 0	 0.34
154	 104.0	 340.0	 126	 189	 0	 0.49
155	 475.0	 147.0	 84	 168	 0	 0.47
156	 253.0	 323.0	 47	 94	 0	 0.47
157	 84.0	 123.0	 19	 38	 0	 0.37
158	 22.0	 324.0	 51	 102	 0	 0.15
159	 154.0	 386.0	 57	 114	 0	 0.17
160	 78.0	 308.0	 80	 120	 0	 0.22
161	 118.0	 493.0	 21	 42	 0	 0.41
162	 488.0	 63.0	 87	 174	 0	 0.36
163	 248.0	 228.0	 28	 56	 0	 0.47
164	 319.0	 353.0	 180	 270	 0	 0.23
165	 100.0	 381.0	 46	 69	 0	 0.44
166	 371.0	 425.0	 104	 156	 0	 0.17
167	 441.0	 37.0	 79	 158	 0	 0.36
168	 182.0	 280.0	 74	 111	 0	 0.18
169	 187.0	 159.0	 89	 178	 0	 0.40
170	 78.0	 264.0	 98	 196	 0	 0.11
171	 183.0	 124.0	 28	 42	 0	 0.15
172	 141.0	 223.0	 146	 219	 0	 0.33
173	 50.0	 217.0	 52	 104	 0	 0.19
174	 488.0	 230.0	 98	 196	 0	 0.19
175	 143.0	 92.0	 28	 42	 0	 0.14
176	 267.0	 369.0	 74	 111	 0	 0.31
177	 67.0	 245.0	 190	 285	 0	 0.22
178	 161.0	 110.0	 53	 106	 0	 0.30
179	 305.0	 478.0	 47	 94	 0	 0.23
180	 234.0	 386.0	 40	 80	 0	 0.31
181	 259.0	 462.0	 184	 276	 0	 0.48
182	 341.0	 405.0	 62	 93	 0	 0.19
183	 173.0	 30.0	 81	 162	 0	 0.46
184	 201.0	 185.0	 70	 140	 0	 0.17
185	 292.0	 206.0	 25	 50	 0	 0.17
186	 302.0	 112.0	 150	 225	 0	 0.31
187	 57.0	 64.0	 128	 192	 0	 0.48
188	 300.0	 416.0	 67	 134	 0	 0.46
189	 190.0	 7.0	 32	 64	 0	 0.11
190	 374.0	 220.0	 36	 72	 0	 0.13
191	 123.0	 382.0	 130	 195	 0	 0.15
192	 482.0	 474.0	 126	 189	 0	 0.34
193	 291.0	 60.0	 164	 246	 0	 0.12
194	 216.0	 2.0	 99	 198	 0	 0.40
195	 322.0	 39.0	 72	 108	 0	 0.33
196	 471.0	 122.0	 78	 117	 0	 0.19
197	 104.0	 70.0	 22	 44	 0	 0.15
198	 88.0	 163.0	 140	 210	 0	 0.21
199	 267.0	 110.0	 128	 192	 0	 0.47
200	 71.0	 81.0	 144	 216	 0	 0.29
201	 165.0	 359.0	 140	 210	 0	 0.46
RETAILERS DEMANDS
RETAILER_DAY 1_DAY 2_DAY 3_DAY 4_DAY 5_DAY 6
2	 25	 37	 29	 42	 37	 35	 
3	 19	 25	 25	 24	 16	 25	 
4	 55	 49	 43	 34	 36	 45	 
5	 78	 79	 128	 95	 76	 69	 
6	 21	 28	 31	 32	 32	 32	 
7	 7	 10	 9	 9	 7	 10	 
8	 114	 115	 99	 86	 120	 111	 
9	 117	 115	 94	 72	 89	 77	 
10	 20	 14	 19	 20	 22	 22	 
11	 87	 76	 70	 72	 98	 58	 
12	 87	 71	 105	 69	 67	 118	 
13	 32	 32	 40	 42	 45	 43	 
14	 89	 74	 103	 88	 87	 114	 
15	 105	 70	 97	 85	 104	 98	 
16	 36	 32	 27	 29	 33	 41	 
17	 11	 14	 12	 9	 8	 12	 
18	 90	 67	 101	 91	 71	 115	 
19	 73	 116	 104	 82	 89	 69	 
20	 125	 108	 77	 120	 116	 102	 
21	 15	 15	 22	 18	 15	 19	 
22	 80	 66	 61	 73	 78	 81	 
23	 75	 66	 51	 61	 80	 48	 
24	 52	 57	 49	 39	 66	 65	 
25	 33	 29	 32	 30	 39	 29	 
26	 36	 31	 47	 32	 42	 38	 
27	 67	 96	 99	 77	 83	 102	 
28	 67	 121	 98	 68	 95	 76	 
29	 67	 60	 61	 45	 67	 43	 
30	 52	 77	 60	 85	 59	 61	 
31	 66	 96	 102	 95	 90	 97	 
32	 57	 53	 47	 50	 80	 82	 
33	 30	 28	 38	 26	 28	 35	 
34	 88	 85	 79	 57	 74	 63	 
35	 36	 28	 31	 27	 34	 33	 
36	 84	 62	 78	 99	 87	 97	 
37	 20	 22	 20	 32	 24	 32	 
38	 53	 76	 53	 68	 89	 51	 
39	 48	 34	 32	 45	 36	 32	 
40	 83	 82	 75	 76	 82	 84	 
41	 105	 104	 93	 98	 90	 80	 
42	 66	 93	 84	 101	 69	 66	 
43	 19	 20	 18	 16	 17	 13	 
44	 70	 66	 66	 69	 73	 48	 
45	 92	 107	 109	 94	 100	 63	 
46	 22	 25	 17	 20	 17	 16	 
47	 67	 107	 106	 100	 69	 78	 
48	 23	 23	 33	 36	 31	 30	 
49	 86	 80	 90	 92	 72	 82	 
50	 54	 42	 57	 61	 58	 54	 
51	 78	 112	 69	 65	 104	 90	 
52	 43	 52	 30	 50	 44	 36	 
53	 66	 87	 72	 76	 108	 89	 
54	 48	 33	 43	 40	 43	 51	 
55	 16	 14	 17	 16	 17	 14	 
56	 67	 107	 72	 103	 116	 95	 
57	 18	 15	 14	 18	 16	 14	 
58	 44	 37	 28	 32	 27	 40	 
59	 13	 11	 7	 9	 8	 11	 
60	 50	 78	 79	 68	 73	 78	 
61	 7	 7	 11	 10	 8	 7	 
62	 9	 12	 10	 10	 11	 13	 
63	 37	 37	 32	 34	 37	 39	 
64	 65	 89	 78	 70	 64	 100	 
65	 62	 81	 88	 74	 87	 71	 
66	 33	 29	 45	 29	 33	 44	 
67	 50	 48	 46	 43	 37	 49	 
68	 68	 99	 68	 69	 84	 105	 
69	 69	 71	 96	 90	 71	 81	 
70	 81	 55	 52	 51	 83	 49	 
71	 66	 67	 82	 114	 86	 88	 
72	 77	 73	 62	 73	 68	 57	 
73	 10	 8	 12	 15	 11	 10	 
74	 64	 52	 67	 77	 58	 75	 
75	 24	 44	 37	 41	 36	 27	 
76	 69	 77	 58	 78	 62	 90	 
77	 36	 22	 35	 32	 33	 35	 
78	 11	 12	 8	 12	 12	 12	 
79	 68	 116	 103	 106	 71	 97	 
80	 112	 65	 76	 70	 114	 95	 
81	 9	 13	 10	 12	 9	 8	 
82	 48	 58	 71	 44	 72	 55	 
83	 61	 95	 65	 105	 95	 100	 
84	 28	 33	 23	 39	 26	 32	 
85	 82	 120	 67	 79	 75	 78	 
86	 75	 101	 116	 120	 77	 110	 
87	 43	 43	 49	 38	 50	 43	 
88	 37	 51	 50	 45	 60	 49	 
89	 100	 98	 81	 90	 87	 69	 
90	 115	 80	 72	 91	 103	 72	 
91	 74	 72	 98	 88	 96	 101	 
92	 65	 75	 63	 81	 71	 55	 
93	 68	 66	 50	 69	 43	 66	 
94	 95	 87	 97	 102	 66	 79	 
95	 65	 71	 94	 85	 86	 94	 
96	 73	 74	 98	 69	 73	 82	 
97	 86	 108	 108	 108	 108	 74	 
98	 39	 41	 53	 59	 44	 48	 
99	 32	 52	 34	 42	 45	 40	 
100	 60	 40	 40	 40	 38	 49	 
101	 20	 25	 18	 21	 17	 25	 
102	 80	 58	 79	 75	 77	 72	 
103	 37	 50	 35	 62	 47	 62	 
104	 59	 52	 57	 58	 48	 48	 
105	 34	 55	 37	 34	 41	 55	 
106	 24	 26	 29	 21	 28	 30	 
107	 63	 69	 56	 54	 72	 75	 
108	 18	 22	 12	 17	 20	 15	 
109	 23	 23	 19	 28	 25	 19	 
110	 48	 66	 82	 85	 63	 77	 
111	 53	 59	 61	 52	 52	 37	 
112	 55	 45	 49	 49	 48	 55	 
113	 19	 16	 12	 15	 16	 15	 
114	 48	 38	 51	 32	 47	 45	 
115	 60	 39	 50	 60	 57	 62	 
116	 41	 63	 60	 64	 61	 62	 
117	 94	 71	 94	 75	 74	 100	 
118	 96	 65	 92	 81	 61	 97	 
119	 86	 55	 62	 74	 69	 82	 
120	 50	 70	 80	 43	 67	 69	 
121	 49	 46	 53	 68	 74	 64	 
122	 58	 73	 52	 68	 52	 51	 
123	 29	 19	 16	 26	 18	 16	 
124	 37	 48	 57	 48	 50	 50	 
125	 13	 18	 20	 16	 19	 22	 
126	 88	 90	 63	 85	 74	 83	 
127	 73	 59	 45	 62	 67	 70	 
128	 18	 18	 13	 18	 16	 17	 
129	 61	 59	 62	 63	 63	 51	 
130	 88	 70	 83	 109	 88	 73	 
131	 19	 30	 32	 20	 21	 26	 
132	 29	 31	 21	 21	 19	 24	 
133	 39	 70	 59	 40	 68	 59	 
134	 38	 28	 33	 37	 43	 46	 
135	 7	 11	 7	 10	 10	 12	 
136	 43	 36	 38	 51	 39	 43	 
137	 34	 24	 41	 36	 25	 31	 
138	 73	 84	 75	 70	 69	 82	 
139	 25	 20	 23	 20	 23	 25	 
140	 27	 32	 31	 40	 35	 37	 
141	 102	 91	 112	 108	 122	 78	 
142	 39	 46	 39	 46	 37	 36	 
143	 19	 24	 25	 16	 17	 16	 
144	 87	 97	 82	 55	 83	 55	 
145	 47	 47	 44	 33	 59	 35	 
146	 99	 68	 75	 103	 84	 83	 
147	 99	 86	 87	 75	 100	 72	 
148	 36	 37	 43	 35	 26	 33	 
149	 74	 62	 95	 91	 98	 86	 
150	 54	 50	 57	 57	 63	 48	 
151	 56	 47	 77	 73	 60	 47	 
152	 17	 16	 10	 13	 17	 10	 
153	 42	 43	 40	 55	 40	 56	 
154	 66	 70	 71	 78	 69	 55	 
155	 99	 77	 109	 97	 69	 67	 
156	 43	 38	 49	 38	 59	 38	 
157	 17	 16	 14	 15	 13	 22	 
158	 58	 62	 35	 49	 48	 60	 
159	 55	 56	 65	 48	 59	 43	 
160	 50	 49	 48	 29	 39	 43	 
161	 24	 24	 17	 26	 24	 17	 
162	 89	 63	 88	 102	 97	 62	 
163	 31	 28	 34	 34	 32	 24	 
164	 84	 89	 65	 98	 63	 104	 
165	 26	 19	 18	 16	 25	 16	 
166	 47	 58	 61	 50	 67	 56	 
167	 69	 77	 96	 59	 60	 62	 
168	 29	 46	 32	 34	 43	 26	 
169	 105	 75	 110	 75	 76	 73	 
170	 82	 118	 120	 120	 118	 104	 
171	 10	 11	 11	 12	 13	 11	 
172	 90	 78	 75	 91	 73	 83	 
173	 67	 66	 63	 62	 40	 48	 
174	 85	 78	 125	 112	 110	 70	 
175	 15	 16	 15	 16	 10	 15	 
176	 34	 40	 46	 45	 26	 43	 
177	 92	 66	 79	 90	 75	 118	 
178	 53	 44	 61	 65	 43	 38	 
179	 54	 39	 48	 55	 56	 42	 
180	 40	 51	 48	 43	 33	 47	 
181	 84	 84	 66	 95	 86	 71	 
182	 27	 38	 25	 39	 24	 37	 
183	 100	 78	 67	 87	 83	 87	 
184	 66	 49	 85	 54	 60	 61	 
185	 27	 25	 31	 26	 29	 23	 
186	 89	 85	 58	 75	 53	 52	 
187	 73	 57	 79	 62	 74	 46	 
188	 72	 47	 74	 85	 67	 75	 
189	 27	 38	 34	 33	 27	 38	 
190	 35	 41	 32	 25	 35	 38	 
191	 61	 60	 46	 56	 68	 79	 
192	 60	 79	 58	 64	 44	 80	 
193	 99	 78	 91	 73	 87	 81	 
194	 102	 71	 91	 83	 124	 120	 
195	 46	 38	 37	 26	 33	 31	 
196	 38	 29	 47	 34	 45	 49	 
197	 23	 18	 19	 22	 26	 18	 
198	 61	 79	 85	 58	 57	 67	 
199	 78	 66	 45	 83	 47	 68	 
200	 61	 57	 55	 60	 71	 91	 
201	 51	 52	 63	 60	 70	 69	 
CAPACITY: 11299