DIMENSION: 201
HORIZON: 6
SUPPLIER_COORD_COORD_STARTING LEVEL_ QUANTITY MADE AVAILABLE_COST 
1	 90.0	 170.0	 29604	 11725	 0.30
RETAILER_COORD_COORD_STARTING LEVEL_MAX LEVEL_MIN LEVEL_COST
2	 93.0	 117.0	 66	 99	 0	 0.35
3	 386.0	 193.0	 48	 96	 0	 0.14
4	 302.0	 291.0	 53	 106	 0	 0.17
5	 159.0	 205.0	 54	 81	 0	 0.36
6	 219.0	 45.0	 172	 258	 0	 0.25
7	 361.0	 389.0	 46	 92	 0	 0.48
8	 101.0	 496.0	 63	 126	 0	 0.33
9	 93.0	 64.0	 98	 196	 0	 0.33
10	 37.0	 446.0	 130	 195	 0	 0.38
11	 209.0	 117.0	 156	 234	 0	 0.37
12	 258.0	 115.0	 162	 243	 0	 0.26
13	 206.0	 283.0	 174	 261	 0	 0.35
14	 52.0	 6.0	 44	 88	 0	 0.38
15	 206.0	 326.0	 62	 124	 0	 0.13
16	 102.0	 360.0	 51	 102	 0	 0.34
17	 237.0	 194.0	 28	 56	 0	 0.27
18	 470.0	 111.0	 124	 186	 0	 0.16
19	 6.0	 272.0	 26	 52	 0	 0.37
20	 278.0	 445.0	 162	 243	 0	 0.23
21	 71.0	 342.0	 29	 58	 0	 0.24
22	 199.0	 237.0	 40	 80	 0	 0.39
23	 464.0	 316.0	 93	 186	 0	 0.41
24	 3.0	 31.0	 54	 108	 0	 0.34
25	 359.0	 415.0	 64	 96	 0	 0.47
26	 336.0	 228.0	 33	 66	 0	 0.32
27	 456.0	 295.0	 120	 180	 0	 0.44
28	 277.0	 320.0	 88	 132	 0	 0.13
29	 311.0	 365.0	 73	 146	 0	 0.23
30	 311.0	 306.0	 93	 186	 0	 0.11
31	 74.0	 35.0	 122	 183	 0	 0.18
32	 368.0	 373.0	 150	 225	 0	 0.20
33	 423.0	 169.0	 66	 99	 0	 0.20
34	 16.0	 5.0	 59	 118	 0	 0.48
35	 61.0	 175.0	 136	 204	 0	 0.39
36	 293.0	 116.0	 77	 154	 0	 0.33
37	 275.0	 483.0	 98	 147	 0	 0.36
38	 396.0	 475.0	 58	 116	 0	 0.15
39	 261.0	 395.0	 87	 174	 0	 0.43
40	 389.0	 180.0	 118	 177	 0	 0.22
41	 293.0	 319.0	 50	 75	 0	 0.48
42	 362.0	 407.0	 78	 156	 0	 0.36
43	 355.0	 154.0	 83	 166	 0	 0.28
44	 225.0	 415.0	 56	 112	 0	 0.13
45	 233.0	 228.0	 61	 122	 0	 0.11
46	 382.0	 92.0	 132	 198	 0	 0.28
47	 13.0	 452.0	 25	 50	 0	 0.35
48	 141.0	 213.0	 64	 96	 0	 0.38
49	 76.0	 54.0	 26	 52	 0	 0.28
50	 259.0	 410.0	 89	 178	 0	 0.39
51	 28.0	 436.0	 61	 122	 0	 0.23
52	 40.0	 100.0	 52	 104	 0	 0.32
53	 69.0	 465.0	 194	 291	 0	 0.40
54	 381.0	 187.0	 70	 140	 0	 0.30
55	 242.0	 224.0	 11	 22	 0	 0.17
56	 90.0	 114.0	 198	 297	 0	 0.23
57	 15.0	 68.0	 166	 249	 0	 0.39
58	 243.0	 169.0	 69	 138	 0	 0.48
59	 130.0	 245.0	 20	 30	 0	 0.17
60	 479.0	 371.0	 93	 186	 0	 0.18
61	 445.0	 484.0	 56	 84	 0	 0.14
62	 106.0	 227.0	 128	 192	 0	 0.14
63	 448.0	 419.0	 100	 150	 0	 0.23
64	 18.0	 209.0	 24	 48	 0	 0.25
65	 136.0	 458.0	 158	 237	 0	 0.39
66	 155.0	 162.0	 33	 66	 0	 0.45
67	 165.0	 407.0	 70	 140	 0	 0.23
68	 95.0	 211.0	 192	 288	 0	 0.43
69	 136.0	 216.0	 126	 189	 0	 0.48
70	 469.0	 301.0	 93	 186	 0	 0.29
71	 60.0	 360.0	 160	 240	 0	 0.11
72	 259.0	 173.0	 112	 168	 0	 0.37
73	 493.0	 263.0	 82	 164	 0	 0.32
74	 319.0	 411.0	 148	 222	 0	 0.21
75	 325.0	 123.0	 138	 207	 0	 0.34
76	 374.0	 136.0	 84	 126	 0	 0.22
77	 253.0	 273.0	 136	 204	 0	 0.43
78	 362.0	 398.0	 10	 20	 0	 0.10
79	 236.0	 255.0	 126	 189	 0	 0.19
80	 233.0	 296.0	 194	 291	 0	 0.26
81	 296.0	 304.0	 46	 92	 0	 0.32
82	 303.0	 59.0	 182	 273	 0	 0.30
83	 442.0	 312.0	 192	 288	 0	 0.23
84	 194.0	 192.0	 28	 42	 0	 0.41
85	 340.0	 16.0	 98	 196	 0	 0.25
86	 1.0	 238.0	 90	 135	 0	 0.34
87	 96.0	 193.0	 176	 264	 0	 0.39
88	 191.0	 408.0	 53	 106	 0	 0.30
89	 499.0	 114.0	 54	 81	 0	 0.50
90	 492.0	 261.0	 126	 189	 0	 0.41
91	 219.0	 243.0	 80	 160	 0	 0.37
92	 316.0	 232.0	 186	 279	 0	 0.15
93	 67.0	 314.0	 90	 180	 0	 0.11
94	 363.0	 485.0	 196	 294	 0	 0.21
95	 305.0	 170.0	 59	 118	 0	 0.43
96	 216.0	 474.0	 23	 46	 0	 0.47
97	 126.0	 487.0	 162	 243	 0	 0.20
98	 26.0	 107.0	 142	 213	 0	 0.43
99	 166.0	 179.0	 176	 264	 0	 0.25
100	 214.0	 451.0	 180	 270	 0	 0.22
101	 248.0	 215.0	 84	 168	 0	 0.40
102	 336.0	 388.0	 40	 80	 0	 0.24
103	 30.0	 413.0	 34	 51	 0	 0.40
104	 159.0	 12.0	 36	 72	 0	 0.33
105	 441.0	 22.0	 178	 267	 0	 0.13
106	 97.0	 313.0	 28	 42	 0	 0.27
107	 476.0	 316.0	 20	 40	 0	 0.12
108	 119.0	 16.0	 94	 141	 0	 0.36
109	 249.0	 220.0	 67	 134	 0	 0.38
110	 491.0	 206.0	 39	 78	 0	 0.49
111	 341.0	 350.0	 180	 270	 0	 0.14
112	 210.0	 451.0	 35	 70	 0	 0.49
113	 140.0	 71.0	 166	 249	 0	 0.14
114	 179.0	 329.0	 140	 210	 0	 0.43
115	 435.0	 18.0	 53	 106	 0	 0.30
116	 218.0	 471.0	 144	 216	 0	 0.44
117	 465.0	 111.0	 97	 194	 0	 0.18
118	 36.0	 352.0	 48	 72	 0	 0.20
119	 416.0	 220.0	 58	 116	 0	 0.22
120	 191.0	 131.0	 20	 40	 0	 0.34
121	 219.0	 366.0	 20	 40	 0	 0.43
122	 153.0	 1.0	 76	 114	 0	 0.30
123	 427.0	 469.0	 30	 60	 0	 0.12
124	 271.0	 75.0	 180	 270	 0	 0.21
125	 177.0	 368.0	 58	 87	 0	 0.32
126	 290.0	 297.0	 79	 158	 0	 0.18
127	 459.0	 104.0	 76	 114	 0	 0.40
128	 432.0	 341.0	 47	 94	 0	 0.42
129	 53.0	 266.0	 72	 108	 0	 0.35
130	 213.0	 55.0	 44	 88	 0	 0.24
131	 225.0	 301.0	 85	 170	 0	 0.40
132	 397.0	 33.0	 134	 201	 0	 0.12
133	 148.0	 304.0	 74	 111	 0	 0.10
134	 49.0	 382.0	 104	 156	 0	 0.35
135	 203.0	 354.0	 20	 30	 0	 0.39
136	 238.0	 134.0	 104	 156	 0	 0.40
137	 263.0	 474.0	 28	 42	 0	 0.50
138	 100.0	 330.0	 39	 78	 0	 0.48
139	 177.0	 202.0	 66	 132	 0	 0.40
140	 51.0	 314.0	 50	 100	 0	 0.46
141	 415.0	 211.0	 162	 243	 0	 0.42
142	 185.0	 274.0	 87	 174	 0	 0.14
143	 238.0	 302.0	 132	 198	 0	 0.15
144	 272.0	 436.0	 23	 46	 0	 0.49
145	 135.0	 495.0	 142	 213	 0	 0.37
146	 267.0	 14.0	 80	 160	 0	 0.17
147	 218.0	 15.0	 88	 132	 0	 0.43
148	 82.0	 48.0	 33	 66	 0	 0.22
149	 365.0	 359.0	 60	 120	 0	 0.12
150	 497.0	 253.0	 90	 180	 0	 0.41
151	 390.0	 87.0	 20	 40	 0	 0.21
152	 352.0	 289.0	 10	 20	 0	 0.19
153	 56.0	 24.0	 90	 180	 0	 0.31
154	 120.0	 68.0	 184	 276	 0	 0.50
155	 395.0	 229.0	 96	 192	 0	 0.25
156	 50.0	 164.0	 35	 70	 0	 0.33
157	 16.0	 24.0	 130	 195	 0	 0.31
158	 404.0	 364.0	 36	 54	 0	 0.11
159	 330.0	 77.0	 37	 74	 0	 0.27
160	 215.0	 161.0	 140	 210	 0	 0.12
161	 223.0	 498.0	 66	 132	 0	 0.48
162	 397.0	 412.0	 25	 50	 0	 0.31
163	 49.0	 445.0	 134	 201	 0	 0.41
164	 163.0	 470.0	 88	 132	 0	 0.13
165	 20.0	 76.0	 48	 96	 0	 0.33
166	 274.0	 385.0	 90	 180	 0	 0.11
167	 188.0	 307.0	 41	 82	 0	 0.31
168	 136.0	 56.0	 102	 153	 0	 0.44
169	 437.0	 231.0	 122	 183	 0	 0.48
170	 115.0	 352.0	 90	 135	 0	 0.18
171	 136.0	 24.0	 82	 164	 0	 0.35
172	 328.0	 144.0	 76	 152	 0	 0.39
173	 310.0	 243.0	 72	 144	 0	 0.44
174	 97.0	 146.0	 27	 54	 0	 0.20
175	 328.0	 418.0	 64	 128	 0	 0.27
176	 453.0	 173.0	 87	 174	 0	 0.22
177	 413.0	 49.0	 198	 297	 0	 0.12
178	 32.0	 122.0	 144	 216	 0	 0.38
179	 161.0	 95.0	 35	 70	 0	 0.37
180	 146.0	 77.0	 104	 156	 0	 0.14
181	 251.0	 492.0	 88	 132	 0	 0.50
182	 368.0	 181.0	 172	 258	 0	 0.12
183	 134.0	 306.0	 42	 84	 0	 0.17
184	 340.0	 337.0	 58	 116	 0	 0.35
185	 458.0	 241.0	 13	 26	 0	 0.11
186	 460.0	 122.0	 82	 123	 0	 0.22
187	 211.0	 12.0	 76	 114	 0	 0.34
188	 60.0	 83.0	 75	 150	 0	 0.17
189	 138.0	 101.0	 32	 64	 0	 0.10
190	 474.0	 144.0	 138	 207	 0	 0.19
191	 424.0	 476.0	 114	 171	 0	 0.27
192	 96.0	 194.0	 148	 222	 0	 0.15
193	 258.0	 12.0	 42	 84	 0	 0.10
194	 343.0	 200.0	 126	 189	 0	 0.24
195	 264.0	 207.0	 33	 66	 0	 0.15
196	 294.0	 224.0	 87	 174	 0	 0.20
197	 20.0	 314.0	 168	 252	 0	 0.11
198	 317.0	 32.0	 188	 282	 0	 0.36
199	 453.0	 222.0	 56	 112	 0	 0.41
200	 414.0	 116.0	 188	 282	 0	 0.30
201	 33.0	 271.0	 152	 228	 0	 0.41
RETAILERS DEMANDS
RETAILER_DAY 1_DAY 2_DAY 3_DAY 4_DAY 5_DAY 6
2	 23	 34	 26	 39	 34	 32	 
3	 43	 59	 57	 55	 38	 58	 
4	 59	 53	 46	 37	 40	 48	 
5	 21	 21	 34	 26	 20	 18	 
6	 60	 79	 87	 89	 91	 91	 
7	 36	 50	 44	 41	 33	 48	 
8	 73	 74	 63	 55	 77	 71	 
9	 124	 123	 100	 76	 95	 82	 
10	 79	 53	 75	 78	 84	 84	 
11	 83	 72	 67	 68	 93	 55	 
12	 74	 61	 89	 59	 57	 101	 
13	 75	 75	 91	 96	 104	 98	 
14	 43	 36	 50	 43	 42	 55	 
15	 71	 47	 65	 57	 70	 66	 
16	 53	 46	 40	 42	 48	 60	 
17	 28	 36	 32	 25	 22	 30	 
18	 61	 45	 69	 62	 48	 78	 
19	 20	 32	 29	 22	 24	 19	 
20	 103	 89	 64	 99	 96	 84	 
21	 23	 23	 34	 28	 23	 29	 
22	 45	 37	 34	 41	 44	 46	 
23	 105	 91	 71	 85	 111	 67	 
24	 54	 59	 51	 41	 68	 67	 
25	 32	 29	 31	 29	 38	 28	 
26	 32	 28	 42	 28	 37	 34	 
27	 49	 69	 72	 56	 60	 74	 
28	 31	 57	 45	 32	 44	 35	 
29	 88	 78	 79	 59	 87	 56	 
30	 71	 106	 82	 117	 81	 83	 
31	 47	 69	 73	 68	 64	 70	 
32	 63	 59	 52	 55	 88	 90	 
33	 27	 25	 34	 23	 25	 32	 
34	 67	 65	 60	 43	 56	 48	 
35	 76	 59	 65	 57	 71	 69	 
36	 82	 61	 77	 98	 86	 96	 
37	 39	 44	 39	 63	 47	 63	 
38	 43	 62	 43	 55	 73	 42	 
39	 107	 76	 72	 101	 82	 71	 
40	 63	 62	 57	 57	 62	 63	 
41	 30	 29	 26	 28	 25	 23	 
42	 63	 89	 80	 96	 65	 63	 
43	 88	 92	 87	 75	 82	 62	 
44	 64	 59	 60	 62	 66	 44	 
45	 63	 74	 76	 65	 69	 44	 
46	 72	 84	 58	 68	 58	 53	 
47	 19	 30	 30	 28	 19	 22	 
48	 23	 23	 34	 38	 32	 31	 
49	 24	 22	 25	 26	 20	 23	 
50	 101	 79	 106	 113	 108	 101	 
51	 53	 77	 47	 45	 71	 61	 
52	 55	 66	 38	 63	 56	 46	 
53	 73	 97	 81	 84	 121	 99	 
54	 76	 53	 69	 64	 69	 82	 
55	 11	 10	 12	 11	 11	 10	 
56	 69	 111	 75	 106	 120	 98	 
57	 95	 82	 77	 97	 85	 75	 
58	 87	 74	 55	 63	 53	 79	 
59	 12	 10	 7	 8	 7	 10	 
60	 72	 112	 113	 98	 105	 112	 
61	 19	 21	 31	 29	 23	 20	 
62	 51	 68	 57	 57	 58	 70	 
63	 59	 59	 50	 53	 58	 62	 
64	 18	 25	 22	 20	 18	 29	 
65	 58	 75	 82	 69	 81	 65	 
66	 29	 25	 39	 25	 28	 38	 
67	 86	 82	 80	 74	 64	 84	 
68	 80	 116	 80	 81	 98	 123	 
69	 46	 47	 63	 60	 47	 53	 
70	 114	 78	 73	 72	 117	 69	 
71	 58	 58	 72	 99	 75	 76	 
72	 70	 67	 57	 67	 62	 52	 
73	 70	 57	 83	 104	 77	 69	 
74	 77	 63	 82	 93	 71	 91	 
75	 48	 87	 73	 80	 72	 54	 
76	 35	 39	 29	 39	 31	 46	 
77	 82	 50	 80	 74	 75	 80	 
78	 10	 11	 7	 11	 11	 11	 
79	 45	 76	 68	 70	 47	 64	 
80	 123	 71	 83	 76	 125	 103	 
81	 40	 57	 42	 51	 38	 36	 
82	 76	 92	 112	 69	 112	 87	 
83	 71	 112	 77	 123	 111	 117	 
84	 11	 13	 9	 16	 10	 13	 
85	 86	 126	 70	 83	 79	 83	 
86	 35	 48	 55	 56	 36	 52	 
87	 95	 96	 109	 85	 110	 96	 
88	 41	 57	 55	 50	 67	 54	 
89	 28	 27	 23	 25	 24	 19	 
90	 74	 51	 46	 58	 66	 46	 
91	 65	 63	 86	 77	 85	 89	 
92	 89	 103	 87	 111	 98	 76	 
93	 114	 110	 84	 116	 73	 111	 
94	 102	 94	 105	 110	 71	 85	 
95	 50	 55	 72	 66	 67	 73	 
96	 21	 21	 28	 20	 21	 23	 
97	 73	 92	 92	 92	 92	 63	 
98	 58	 61	 78	 88	 65	 71	 
99	 67	 109	 72	 88	 96	 84	 
100	 100	 67	 67	 67	 64	 82	 
101	 74	 93	 65	 78	 62	 92	 
102	 45	 32	 44	 42	 43	 41	 
103	 12	 17	 12	 21	 16	 21	 
104	 40	 36	 39	 40	 33	 33	 
105	 64	 105	 71	 65	 78	 104	 
106	 11	 12	 13	 9	 13	 14	 
107	 21	 23	 18	 18	 24	 25	 
108	 50	 61	 34	 48	 57	 43	 
109	 59	 58	 47	 71	 62	 47	 
110	 28	 37	 47	 49	 36	 44	 
111	 96	 106	 110	 94	 95	 67	 
112	 41	 34	 36	 36	 36	 41	 
113	 91	 75	 58	 71	 75	 69	 
114	 81	 64	 85	 53	 79	 75	 
115	 65	 42	 54	 65	 61	 67	 
116	 58	 89	 84	 91	 87	 88	 
117	 104	 78	 103	 83	 82	 110	 
118	 28	 19	 27	 23	 17	 28	 
119	 70	 44	 51	 60	 57	 67	 
120	 16	 22	 25	 14	 21	 22	 
121	 16	 14	 17	 22	 24	 20	 
122	 35	 44	 31	 41	 31	 31	 
123	 38	 26	 21	 34	 23	 21	 
124	 63	 81	 97	 81	 85	 85	 
125	 21	 29	 32	 26	 31	 35	 
126	 80	 82	 57	 77	 67	 75	 
127	 46	 37	 28	 39	 42	 44	 
128	 57	 56	 41	 57	 51	 53	 
129	 43	 41	 44	 44	 44	 36	 
130	 42	 33	 40	 52	 42	 35	 
131	 59	 93	 98	 62	 64	 79	 
132	 74	 79	 53	 52	 48	 60	 
133	 26	 47	 40	 27	 46	 40	 
134	 49	 37	 43	 48	 56	 60	 
135	 7	 11	 7	 10	 10	 12	 
136	 50	 43	 45	 60	 47	 51	 
137	 14	 10	 18	 16	 11	 13	 
138	 43	 50	 45	 42	 41	 49	 
139	 73	 57	 68	 57	 67	 74	 
140	 42	 51	 49	 63	 55	 57	 
141	 86	 78	 95	 92	 104	 66	 
142	 93	 108	 91	 108	 87	 86	 
143	 64	 81	 83	 53	 56	 54	 
144	 26	 29	 24	 16	 24	 16	 
145	 73	 72	 68	 52	 92	 55	 
146	 84	 58	 64	 87	 71	 71	 
147	 48	 41	 42	 36	 48	 35	 
148	 32	 33	 38	 31	 23	 29	 
149	 55	 46	 71	 68	 74	 65	 
150	 98	 90	 102	 102	 114	 88	 
151	 18	 15	 24	 23	 19	 15	 
152	 12	 11	 7	 9	 12	 7	 
153	 71	 74	 69	 94	 69	 96	 
154	 96	 102	 104	 114	 101	 80	 
155	 113	 88	 124	 111	 78	 77	 
156	 32	 28	 36	 28	 44	 28	 
157	 60	 57	 50	 53	 47	 75	 
158	 20	 22	 12	 17	 17	 21	 
159	 36	 36	 42	 31	 38	 27	 
160	 87	 86	 84	 51	 69	 75	 
161	 75	 76	 56	 82	 77	 54	 
162	 25	 18	 25	 29	 28	 17	 
163	 76	 69	 83	 82	 78	 59	 
164	 41	 43	 32	 48	 30	 51	 
165	 55	 39	 38	 35	 52	 34	 
166	 81	 100	 106	 86	 116	 97	 
167	 35	 40	 50	 30	 31	 32	 
168	 40	 63	 45	 47	 60	 37	 
169	 72	 51	 75	 52	 52	 50	 
170	 37	 54	 55	 55	 54	 47	 
171	 59	 65	 66	 74	 79	 66	 
172	 93	 81	 78	 94	 77	 86	 
173	 93	 92	 87	 86	 56	 66	 
174	 23	 21	 34	 30	 30	 19	 
175	 69	 76	 73	 76	 49	 72	 
176	 80	 94	 108	 107	 62	 101	 
177	 95	 69	 82	 94	 78	 123	 
178	 72	 60	 82	 89	 59	 51	 
179	 40	 29	 36	 41	 42	 31	 
180	 53	 67	 63	 56	 43	 61	 
181	 40	 40	 31	 45	 41	 33	 
182	 76	 106	 70	 108	 66	 104	 
183	 51	 40	 34	 45	 43	 45	 
184	 55	 41	 70	 45	 49	 50	 
185	 14	 13	 16	 13	 15	 12	 
186	 48	 46	 32	 41	 29	 28	 
187	 43	 34	 47	 37	 44	 27	 
188	 80	 53	 83	 96	 75	 84	 
189	 27	 38	 34	 33	 27	 38	 
190	 67	 79	 62	 48	 68	 74	 
191	 53	 53	 40	 49	 60	 70	 
192	 70	 93	 68	 75	 52	 95	 
193	 51	 40	 47	 37	 44	 41	 
194	 65	 45	 58	 52	 79	 76	 
195	 42	 35	 34	 24	 31	 29	 
196	 86	 65	 106	 76	 101	 109	 
197	 88	 69	 72	 87	 102	 71	 
198	 82	 106	 114	 78	 76	 90	 
199	 69	 58	 40	 72	 41	 60	 
200	 80	 75	 72	 78	 93	 119	 
201	 55	 56	 68	 65	 76	 75	 
CAPACITY: 11761