DIMENSION: 201
HORIZON: 6
SUPPLIER_COORD_COORD_STARTING LEVEL_ QUANTITY MADE AVAILABLE_COST 
1	 476.0	 176.0	 28192	 11378	 0.30
RETAILER_COORD_COORD_STARTING LEVEL_MAX LEVEL_MIN LEVEL_COST
2	 232.0	 43.0	 23	 46	 0	 0.33
3	 466.0	 482.0	 120	 180	 0	 0.41
4	 7.0	 228.0	 148	 222	 0	 0.47
5	 398.0	 12.0	 99	 198	 0	 0.36
6	 297.0	 114.0	 130	 195	 0	 0.48
7	 152.0	 224.0	 20	 30	 0	 0.24
8	 254.0	 492.0	 99	 198	 0	 0.48
9	 233.0	 161.0	 102	 153	 0	 0.49
10	 94.0	 365.0	 26	 39	 0	 0.39
11	 24.0	 44.0	 182	 273	 0	 0.17
12	 397.0	 289.0	 52	 104	 0	 0.49
13	 17.0	 459.0	 24	 48	 0	 0.32
14	 381.0	 16.0	 95	 190	 0	 0.39
15	 265.0	 315.0	 192	 288	 0	 0.37
16	 6.0	 402.0	 67	 134	 0	 0.29
17	 94.0	 237.0	 55	 110	 0	 0.32
18	 425.0	 29.0	 95	 190	 0	 0.25
19	 265.0	 430.0	 194	 291	 0	 0.17
20	 445.0	 112.0	 54	 108	 0	 0.24
21	 429.0	 356.0	 14	 28	 0	 0.45
22	 499.0	 94.0	 85	 170	 0	 0.24
23	 162.0	 290.0	 83	 166	 0	 0.28
24	 257.0	 329.0	 152	 228	 0	 0.31
25	 148.0	 289.0	 21	 42	 0	 0.22
26	 342.0	 72.0	 68	 136	 0	 0.24
27	 390.0	 239.0	 91	 182	 0	 0.34
28	 444.0	 301.0	 104	 156	 0	 0.38
29	 29.0	 413.0	 156	 234	 0	 0.42
30	 279.0	 265.0	 84	 168	 0	 0.12
31	 436.0	 89.0	 184	 276	 0	 0.31
32	 172.0	 183.0	 39	 78	 0	 0.14
33	 59.0	 172.0	 136	 204	 0	 0.15
34	 41.0	 263.0	 176	 264	 0	 0.25
35	 404.0	 187.0	 21	 42	 0	 0.42
36	 233.0	 290.0	 88	 132	 0	 0.26
37	 438.0	 209.0	 17	 34	 0	 0.35
38	 241.0	 439.0	 170	 255	 0	 0.43
39	 404.0	 488.0	 48	 72	 0	 0.32
40	 473.0	 201.0	 89	 178	 0	 0.21
41	 483.0	 297.0	 96	 144	 0	 0.24
42	 406.0	 269.0	 91	 182	 0	 0.15
43	 389.0	 385.0	 59	 118	 0	 0.15
44	 62.0	 38.0	 81	 162	 0	 0.37
45	 333.0	 320.0	 98	 147	 0	 0.33
46	 206.0	 480.0	 30	 45	 0	 0.35
47	 282.0	 131.0	 98	 147	 0	 0.33
48	 353.0	 33.0	 40	 60	 0	 0.19
49	 190.0	 385.0	 192	 288	 0	 0.35
50	 148.0	 26.0	 74	 148	 0	 0.43
51	 321.0	 90.0	 49	 98	 0	 0.23
52	 350.0	 250.0	 140	 210	 0	 0.45
53	 423.0	 413.0	 93	 186	 0	 0.46
54	 452.0	 469.0	 54	 81	 0	 0.40
55	 356.0	 60.0	 116	 174	 0	 0.49
56	 475.0	 37.0	 98	 196	 0	 0.23
57	 288.0	 421.0	 13	 26	 0	 0.23
58	 108.0	 422.0	 67	 134	 0	 0.45
59	 326.0	 363.0	 20	 30	 0	 0.28
60	 447.0	 429.0	 37	 74	 0	 0.11
61	 114.0	 461.0	 55	 110	 0	 0.19
62	 15.0	 69.0	 22	 33	 0	 0.19
63	 371.0	 299.0	 66	 132	 0	 0.43
64	 296.0	 274.0	 46	 92	 0	 0.48
65	 90.0	 146.0	 92	 184	 0	 0.23
66	 137.0	 157.0	 48	 72	 0	 0.38
67	 414.0	 17.0	 140	 210	 0	 0.22
68	 239.0	 27.0	 91	 182	 0	 0.31
69	 341.0	 41.0	 52	 104	 0	 0.26
70	 174.0	 2.0	 166	 249	 0	 0.37
71	 151.0	 150.0	 96	 192	 0	 0.11
72	 399.0	 182.0	 80	 160	 0	 0.18
73	 483.0	 158.0	 11	 22	 0	 0.44
74	 297.0	 278.0	 70	 105	 0	 0.38
75	 62.0	 58.0	 67	 134	 0	 0.29
76	 185.0	 342.0	 92	 138	 0	 0.19
77	 382.0	 433.0	 20	 40	 0	 0.12
78	 405.0	 245.0	 10	 20	 0	 0.30
79	 90.0	 137.0	 52	 104	 0	 0.13
80	 333.0	 242.0	 98	 147	 0	 0.30
81	 240.0	 261.0	 110	 165	 0	 0.26
82	 8.0	 149.0	 158	 237	 0	 0.21
83	 356.0	 281.0	 91	 182	 0	 0.42
84	 235.0	 480.0	 22	 44	 0	 0.27
85	 350.0	 40.0	 102	 153	 0	 0.26
86	 253.0	 95.0	 194	 291	 0	 0.29
87	 491.0	 483.0	 140	 210	 0	 0.42
88	 227.0	 270.0	 74	 148	 0	 0.21
89	 498.0	 35.0	 106	 159	 0	 0.49
90	 231.0	 402.0	 99	 198	 0	 0.27
91	 297.0	 359.0	 190	 285	 0	 0.36
92	 41.0	 331.0	 39	 78	 0	 0.23
93	 419.0	 285.0	 64	 96	 0	 0.32
94	 409.0	 463.0	 190	 285	 0	 0.37
95	 264.0	 176.0	 88	 176	 0	 0.32
96	 41.0	 435.0	 178	 267	 0	 0.22
97	 65.0	 218.0	 104	 156	 0	 0.34
98	 315.0	 268.0	 148	 222	 0	 0.13
99	 415.0	 199.0	 142	 213	 0	 0.29
100	 286.0	 378.0	 64	 96	 0	 0.41
101	 120.0	 289.0	 122	 183	 0	 0.45
102	 342.0	 222.0	 40	 80	 0	 0.26
103	 325.0	 32.0	 148	 222	 0	 0.24
104	 148.0	 280.0	 152	 228	 0	 0.47
105	 102.0	 56.0	 56	 84	 0	 0.37
106	 493.0	 284.0	 20	 40	 0	 0.33
107	 190.0	 291.0	 70	 105	 0	 0.15
108	 49.0	 290.0	 26	 39	 0	 0.36
109	 123.0	 51.0	 36	 54	 0	 0.39
110	 228.0	 16.0	 84	 168	 0	 0.47
111	 104.0	 376.0	 30	 60	 0	 0.41
112	 26.0	 128.0	 56	 84	 0	 0.27
113	 350.0	 179.0	 59	 118	 0	 0.39
114	 448.0	 74.0	 71	 142	 0	 0.31
115	 338.0	 295.0	 29	 58	 0	 0.20
116	 46.0	 429.0	 75	 150	 0	 0.14
117	 414.0	 277.0	 49	 98	 0	 0.50
118	 342.0	 381.0	 91	 182	 0	 0.36
119	 40.0	 300.0	 85	 170	 0	 0.39
120	 479.0	 328.0	 162	 243	 0	 0.31
121	 298.0	 167.0	 162	 243	 0	 0.32
122	 133.0	 253.0	 72	 108	 0	 0.39
123	 69.0	 424.0	 122	 183	 0	 0.16
124	 429.0	 188.0	 152	 228	 0	 0.39
125	 193.0	 171.0	 14	 28	 0	 0.24
126	 226.0	 494.0	 96	 144	 0	 0.30
127	 148.0	 261.0	 80	 160	 0	 0.46
128	 81.0	 354.0	 24	 36	 0	 0.50
129	 133.0	 416.0	 150	 225	 0	 0.12
130	 284.0	 138.0	 192	 288	 0	 0.45
131	 312.0	 2.0	 38	 57	 0	 0.24
132	 493.0	 84.0	 126	 189	 0	 0.34
133	 121.0	 262.0	 32	 64	 0	 0.31
134	 373.0	 456.0	 140	 210	 0	 0.13
135	 258.0	 385.0	 55	 110	 0	 0.22
136	 96.0	 337.0	 144	 216	 0	 0.25
137	 158.0	 436.0	 42	 63	 0	 0.49
138	 2.0	 75.0	 37	 74	 0	 0.25
139	 442.0	 6.0	 122	 183	 0	 0.24
140	 129.0	 37.0	 42	 63	 0	 0.21
141	 39.0	 29.0	 194	 291	 0	 0.30
142	 214.0	 185.0	 136	 204	 0	 0.41
143	 97.0	 256.0	 15	 30	 0	 0.42
144	 180.0	 92.0	 88	 176	 0	 0.26
145	 338.0	 488.0	 73	 146	 0	 0.17
146	 419.0	 285.0	 52	 104	 0	 0.28
147	 297.0	 287.0	 50	 100	 0	 0.14
148	 456.0	 120.0	 23	 46	 0	 0.20
149	 414.0	 398.0	 45	 90	 0	 0.34
150	 494.0	 383.0	 60	 90	 0	 0.27
151	 226.0	 469.0	 36	 72	 0	 0.18
152	 381.0	 473.0	 57	 114	 0	 0.12
153	 140.0	 310.0	 31	 62	 0	 0.22
154	 52.0	 170.0	 81	 162	 0	 0.50
155	 487.0	 73.0	 94	 141	 0	 0.48
156	 376.0	 411.0	 56	 84	 0	 0.29
157	 42.0	 61.0	 59	 118	 0	 0.23
158	 11.0	 412.0	 30	 60	 0	 0.33
159	 77.0	 193.0	 33	 66	 0	 0.13
160	 39.0	 154.0	 70	 140	 0	 0.16
161	 309.0	 496.0	 30	 45	 0	 0.26
162	 244.0	 31.0	 186	 279	 0	 0.43
163	 124.0	 114.0	 19	 38	 0	 0.29
164	 409.0	 426.0	 95	 190	 0	 0.17
165	 50.0	 440.0	 32	 48	 0	 0.27
166	 185.0	 462.0	 76	 152	 0	 0.13
167	 220.0	 268.0	 88	 132	 0	 0.23
168	 91.0	 390.0	 23	 46	 0	 0.14
169	 93.0	 329.0	 94	 188	 0	 0.25
170	 289.0	 132.0	 198	 297	 0	 0.31
171	 91.0	 62.0	 114	 171	 0	 0.32
172	 70.0	 361.0	 172	 258	 0	 0.21
173	 25.0	 358.0	 76	 152	 0	 0.34
174	 494.0	 115.0	 99	 198	 0	 0.14
175	 321.0	 296.0	 57	 114	 0	 0.32
176	 383.0	 184.0	 23	 46	 0	 0.21
177	 283.0	 122.0	 104	 156	 0	 0.36
178	 80.0	 55.0	 76	 152	 0	 0.40
179	 152.0	 489.0	 56	 84	 0	 0.16
180	 117.0	 443.0	 50	 75	 0	 0.41
181	 129.0	 231.0	 102	 153	 0	 0.29
182	 170.0	 202.0	 40	 60	 0	 0.35
183	 86.0	 15.0	 180	 270	 0	 0.28
184	 350.0	 92.0	 170	 255	 0	 0.33
185	 396.0	 103.0	 62	 124	 0	 0.33
186	 151.0	 306.0	 174	 261	 0	 0.40
187	 278.0	 282.0	 164	 246	 0	 0.49
188	 150.0	 208.0	 83	 166	 0	 0.28
189	 95.0	 3.0	 21	 42	 0	 0.30
190	 187.0	 360.0	 68	 136	 0	 0.12
191	 311.0	 441.0	 37	 74	 0	 0.33
192	 241.0	 487.0	 162	 243	 0	 0.22
193	 145.0	 30.0	 91	 182	 0	 0.11
194	 358.0	 251.0	 54	 108	 0	 0.45
195	 161.0	 269.0	 46	 69	 0	 0.42
196	 235.0	 311.0	 24	 48	 0	 0.14
197	 52.0	 285.0	 16	 32	 0	 0.33
198	 294.0	 81.0	 85	 170	 0	 0.35
199	 133.0	 55.0	 74	 111	 0	 0.49
200	 35.0	 40.0	 41	 82	 0	 0.19
201	 332.0	 429.0	 40	 80	 0	 0.28
RETAILERS DEMANDS
RETAILER_DAY 1_DAY 2_DAY 3_DAY 4_DAY 5_DAY 6
2	 16	 23	 18	 27	 24	 22	 
3	 54	 74	 71	 68	 48	 72	 
4	 83	 74	 65	 52	 55	 67	 
5	 78	 79	 128	 95	 76	 69	 
6	 45	 60	 66	 67	 68	 69	 
7	 7	 10	 9	 9	 7	 10	 
8	 115	 116	 100	 87	 121	 112	 
9	 64	 64	 52	 40	 49	 42	 
10	 15	 10	 15	 15	 16	 16	 
11	 97	 85	 78	 79	 109	 64	 
12	 48	 39	 57	 38	 36	 65	 
13	 20	 20	 25	 26	 28	 27	 
14	 94	 78	 108	 93	 92	 120	 
15	 110	 73	 101	 89	 109	 102	 
16	 69	 61	 52	 55	 63	 79	 
17	 55	 71	 63	 49	 44	 60	 
18	 94	 70	 106	 95	 74	 120	 
19	 76	 120	 108	 85	 92	 71	 
20	 69	 59	 42	 66	 64	 56	 
21	 11	 11	 16	 13	 11	 14	 
22	 96	 80	 73	 88	 94	 98	 
23	 94	 81	 64	 76	 99	 59	 
24	 76	 83	 72	 57	 96	 95	 
25	 21	 19	 20	 19	 25	 18	 
26	 66	 58	 87	 59	 77	 70	 
27	 74	 105	 109	 85	 91	 112	 
28	 37	 67	 54	 37	 52	 42	 
29	 94	 83	 85	 63	 94	 60	 
30	 64	 96	 74	 106	 73	 75	 
31	 72	 104	 110	 103	 97	 105	 
32	 33	 30	 27	 28	 46	 47	 
33	 56	 52	 70	 48	 52	 66	 
34	 101	 97	 90	 65	 84	 72	 
35	 23	 18	 20	 17	 21	 21	 
36	 47	 35	 44	 56	 49	 55	 
37	 13	 15	 13	 22	 16	 22	 
38	 64	 91	 64	 81	 107	 61	 
39	 29	 20	 20	 27	 22	 19	 
40	 95	 94	 86	 87	 94	 96	 
41	 58	 57	 51	 54	 49	 44	 
42	 73	 103	 94	 113	 76	 74	 
43	 62	 66	 61	 53	 58	 44	 
44	 92	 86	 86	 90	 95	 63	 
45	 51	 59	 61	 52	 55	 35	 
46	 16	 19	 13	 15	 13	 12	 
47	 37	 59	 59	 56	 38	 43	 
48	 14	 14	 21	 23	 20	 19	 
49	 90	 84	 94	 96	 75	 85	 
50	 84	 65	 88	 94	 90	 83	 
51	 43	 62	 38	 36	 57	 49	 
52	 74	 89	 52	 85	 76	 62	 
53	 70	 93	 77	 81	 116	 95	 
54	 29	 20	 26	 25	 26	 31	 
55	 58	 53	 64	 59	 61	 54	 
56	 68	 110	 74	 105	 119	 97	 
57	 14	 12	 12	 15	 13	 11	 
58	 85	 72	 53	 61	 52	 76	 
59	 12	 10	 7	 8	 7	 10	 
60	 28	 44	 45	 39	 41	 44	 
61	 38	 42	 61	 58	 45	 40	 
62	 8	 11	 9	 9	 10	 12	 
63	 77	 78	 67	 70	 77	 81	 
64	 36	 49	 43	 39	 35	 55	 
65	 68	 88	 96	 81	 94	 76	 
66	 21	 18	 28	 18	 20	 28	 
67	 86	 82	 80	 74	 64	 84	 
68	 76	 110	 76	 77	 93	 117	 
69	 38	 38	 52	 49	 39	 44	 
70	 102	 69	 65	 64	 104	 62	 
71	 69	 70	 86	 119	 90	 92	 
72	 101	 96	 81	 96	 89	 75	 
73	 9	 7	 11	 14	 10	 9	 
74	 36	 29	 38	 44	 33	 43	 
75	 47	 84	 71	 78	 70	 52	 
76	 38	 42	 32	 43	 34	 50	 
77	 24	 14	 23	 21	 22	 23	 
78	 10	 11	 7	 11	 11	 11	 
79	 37	 63	 56	 58	 39	 53	 
80	 62	 36	 42	 38	 63	 52	 
81	 48	 68	 50	 61	 45	 43	 
82	 66	 80	 98	 60	 98	 76	 
83	 68	 106	 73	 116	 106	 111	 
84	 18	 21	 15	 25	 16	 20	 
85	 45	 66	 36	 43	 41	 43	 
86	 76	 104	 119	 122	 79	 113	 
87	 76	 76	 87	 68	 87	 76	 
88	 58	 80	 77	 70	 93	 75	 
89	 55	 54	 45	 49	 48	 38	 
90	 116	 80	 73	 92	 104	 73	 
91	 77	 75	 103	 92	 100	 106	 
92	 37	 43	 36	 46	 41	 31	 
93	 40	 39	 29	 41	 25	 39	 
94	 99	 91	 102	 106	 69	 82	 
95	 75	 83	 108	 99	 100	 108	 
96	 83	 83	 110	 78	 83	 92	 
97	 47	 59	 59	 59	 59	 40	 
98	 60	 63	 82	 92	 68	 74	 
99	 54	 88	 58	 71	 77	 68	 
100	 35	 24	 23	 23	 22	 29	 
101	 53	 68	 47	 57	 45	 67	 
102	 45	 32	 44	 42	 43	 41	 
103	 56	 76	 54	 95	 72	 94	 
104	 86	 77	 84	 84	 70	 70	 
105	 20	 33	 22	 20	 24	 32	 
106	 16	 17	 19	 14	 19	 20	 
107	 37	 40	 32	 31	 42	 44	 
108	 13	 16	 9	 13	 15	 12	 
109	 15	 15	 12	 19	 16	 12	 
110	 60	 81	 102	 106	 79	 95	 
111	 32	 35	 36	 31	 31	 22	 
112	 32	 27	 29	 29	 29	 33	 
113	 65	 53	 41	 50	 53	 49	 
114	 82	 65	 86	 54	 80	 76	 
115	 35	 23	 29	 35	 33	 37	 
116	 61	 93	 88	 95	 90	 92	 
117	 52	 39	 52	 42	 41	 55	 
118	 106	 73	 102	 89	 68	 107	 
119	 103	 65	 75	 88	 83	 98	 
120	 66	 92	 105	 57	 88	 90	 
121	 65	 60	 70	 89	 97	 83	 
122	 33	 42	 30	 38	 30	 29	 
123	 78	 53	 43	 70	 48	 44	 
124	 53	 69	 82	 68	 72	 72	 
125	 10	 14	 15	 12	 15	 17	 
126	 49	 50	 35	 47	 41	 45	 
127	 97	 79	 60	 83	 90	 93	 
128	 14	 14	 10	 14	 13	 13	 
129	 89	 86	 91	 93	 93	 75	 
130	 92	 73	 87	 114	 91	 76	 
131	 13	 20	 22	 14	 14	 17	 
132	 69	 74	 49	 49	 45	 57	 
133	 22	 41	 34	 23	 39	 34	 
134	 67	 49	 59	 65	 76	 81	 
135	 39	 65	 43	 59	 56	 70	 
136	 70	 59	 63	 84	 65	 71	 
137	 22	 15	 27	 24	 16	 20	 
138	 41	 48	 43	 40	 39	 46	 
139	 67	 53	 63	 53	 62	 68	 
140	 17	 21	 20	 26	 23	 24	 
141	 104	 93	 114	 111	 125	 79	 
142	 73	 84	 71	 85	 68	 67	 
143	 14	 18	 18	 12	 12	 12	 
144	 100	 111	 94	 63	 95	 63	 
145	 75	 74	 70	 53	 94	 56	 
146	 55	 37	 41	 56	 46	 46	 
147	 54	 47	 47	 41	 55	 39	 
148	 22	 23	 27	 22	 16	 20	 
149	 41	 34	 53	 51	 55	 48	 
150	 32	 30	 34	 34	 38	 29	 
151	 33	 27	 44	 42	 35	 27	 
152	 69	 65	 41	 54	 71	 42	 
153	 24	 25	 23	 32	 23	 33	 
154	 84	 90	 92	 101	 89	 71	 
155	 55	 43	 61	 54	 38	 37	 
156	 26	 22	 29	 22	 35	 22	 
157	 54	 52	 45	 48	 42	 68	 
158	 34	 36	 21	 29	 28	 35	 
159	 32	 32	 37	 27	 34	 24	 
160	 87	 86	 84	 51	 69	 75	 
161	 17	 17	 12	 18	 17	 12	 
162	 95	 67	 94	 109	 104	 66	 
163	 21	 19	 23	 23	 22	 16	 
164	 89	 93	 69	 103	 66	 110	 
165	 18	 13	 12	 11	 17	 11	 
166	 68	 85	 89	 73	 97	 82	 
167	 38	 43	 53	 32	 33	 34	 
168	 18	 28	 20	 21	 27	 16	 
169	 111	 79	 116	 80	 80	 77	 
170	 82	 119	 121	 122	 119	 105	 
171	 41	 45	 46	 52	 55	 46	 
172	 106	 92	 88	 107	 87	 97	 
173	 98	 97	 92	 91	 59	 70	 
174	 86	 79	 127	 113	 111	 71	 
175	 61	 67	 65	 67	 44	 64	 
176	 21	 25	 28	 28	 16	 26	 
177	 50	 36	 43	 49	 41	 65	 
178	 76	 64	 87	 94	 62	 54	 
179	 32	 23	 28	 33	 33	 25	 
180	 25	 32	 30	 27	 20	 29	 
181	 47	 46	 36	 52	 47	 39	 
182	 17	 24	 16	 25	 15	 24	 
183	 111	 87	 74	 97	 93	 96	 
184	 81	 60	 103	 66	 73	 74	 
185	 68	 64	 79	 65	 72	 59	 
186	 103	 99	 67	 87	 61	 61	 
187	 94	 73	 101	 80	 95	 59	 
188	 89	 59	 92	 106	 83	 93	 
189	 18	 25	 22	 22	 18	 25	 
190	 66	 78	 61	 48	 67	 73	 
191	 34	 34	 26	 32	 39	 45	 
192	 77	 101	 75	 82	 57	 104	 
193	 110	 87	 101	 81	 96	 90	 
194	 55	 39	 50	 45	 68	 65	 
195	 29	 24	 24	 17	 21	 20	 
196	 23	 17	 29	 21	 28	 30	 
197	 16	 13	 13	 16	 19	 13	 
198	 74	 96	 103	 71	 69	 82	 
199	 45	 38	 26	 47	 27	 39	 
200	 35	 32	 31	 34	 40	 52	 
201	 29	 29	 36	 34	 40	 39	 
CAPACITY: 11413