100	42	300	30	2																																															
20	10	4	240	6																																															
40	65																																																		
0	47.82	38.55	5000	0	0																																														
1	54.79	40.7	26	100	0.5	1	1	1	1	1.67	3.68	0.59	3.01	2.34	0.59	3.34	4.35	0.82	2.67	4.35	0.37	2.34	5.01	0.52	3.01	3.68	1.11	3.34	1.67	0.37	4.35	5.01	1.11	3.01	4.01	0.67	2.67	3.34	0.89	4.35	3.34	0.89	4.01	5.01	1.11	5.01	5.01	0.67	3.68	3.34	0.52
2	45.9	41.11	57.07	100	0.5	0	0	1	5	4.23	5.81	0.94	5.28	2.64	1.53	4.23	4.23	0.59	5.28	6.87	1.53	3.7	4.76	0.94	5.81	2.64	0.82	4.23	5.28	1.41	4.76	5.28	0.94	7.93	5.81	1.17	6.34	6.34	1.76	6.87	5.81	1.06	5.81	6.34	1.76	3.7	4.23	0.94	4.76	7.93	1.17
3	50.35	38.62	11.07	100	0.5	1	1	0	1	1.49	1.62	0.15	0.68	1.35	0.33	2.03	1.76	0.33	1.62	1.49	0.33	1.76	1.08	0.15	1.08	1.49	0.27	1.62	0.68	0.39	1.35	1.62	0.39	1.35	1.49	0.27	1.76	1.62	0.33	1.76	1.35	0.36	1.22	0.68	0.24	2.03	1.62	0.33	2.03	1.62	0.39
4	48.05	40.66	46.78	100	0.5	1	1	1	1	1.61	0.8	0.32	0.8	2.41	0.54	1.93	2.41	0.29	1.13	0.8	0.29	1.45	1.45	0.32	1.45	2.41	0.18	1.13	1.45	0.39	1.77	1.61	0.36	1.93	0.8	0.36	2.09	1.29	0.32	1.93	1.61	0.46	0.8	2.41	0.32	1.93	1.61	0.18	1.93	1.13	0.25
5	46.5	46.9	22.76	100	0.5	1	1	1	1	7.25	4.83	1.48	4.83	5.44	0.67	6.04	4.83	1.34	4.23	6.04	1.34	5.44	9.06	2.01	7.25	6.04	1.75	7.86	9.06	1.34	6.04	6.04	0.67	3.02	9.06	1.48	4.23	7.86	2.01	6.65	6.04	2.01	4.83	9.06	0.67	4.23	9.06	1.34	7.25	3.02	1.21
6	42.86	27.62	64.84	100	0.5	0	0	1	5	5.11	3.75	0.68	5.11	3.41	0.61	3.41	2.73	0.68	2.39	3.75	0.61	4.43	4.43	1.14	3.41	2.39	0.76	2.39	2.73	0.76	4.09	3.41	0.91	3.41	3.41	0.68	3.75	4.43	0.53	3.41	4.09	0.68	2.73	2.73	0.68	3.75	2.39	0.76	2.39	1.7	0.76
7	35.41	32.36	10.68	100	0.5	1	1	0	1	3.18	2.48	0.86	2.83	1.77	0.94	3.54	4.24	0.39	2.48	3.89	1.18	3.18	4.6	1.02	3.89	5.3	0.63	2.83	3.54	1.02	3.54	1.77	0.63	4.6	5.3	0.71	4.6	3.54	0.79	2.48	2.83	0.86	1.77	3.54	0.63	3.18	3.54	0.86	1.77	3.54	0.86
8	51.91	40.92	11.89	100	0.5	1	1	0	1	1.54	2.12	0.3	2.31	2.51	0.51	1.93	2.31	0.56	1.93	2.12	0.64	1.74	1.35	0.39	1.93	1.74	0.43	2.51	1.74	0.56	1.35	2.31	0.3	1.54	2.12	0.43	1.93	1.54	0.43	2.31	2.31	0.21	0.96	1.74	0.39	2.89	1.93	0.47	2.31	1.93	0.21
9	49.71	40.72	48.17	100	0.5	0	0	1	1	4.53	4.53	0.81	2.42	3.63	0.34	3.63	2.72	0.67	3.02	3.93	0.47	2.12	4.53	0.67	4.53	2.42	0.34	3.93	2.12	1.01	3.02	2.12	0.47	3.93	2.42	0.67	3.93	3.63	0.67	2.72	2.72	0.87	2.42	3.93	0.67	3.32	1.51	0.6	2.42	1.51	0.54
10	56.52	42.85	37.87	100	0.5	1	1	1	1	2.25	3.15	0.9	6.75	4.5	0.9	3.6	3.6	1.3	3.6	4.95	0.9	4.95	4.5	1	3.6	5.4	0.8	5.85	4.5	1.5	6.75	5.4	0.9	2.25	6.75	0.9	4.5	4.5	1	3.15	3.6	1	4.05	4.5	1.2	6.75	4.95	1.5	5.85	4.5	0.8
11	56.03	45.09	40.13	100	0.5	1	1	0	1	4.5	3.15	1.3	4.5	4.5	1	4.5	4.5	1	4.5	6.75	0.8	4.5	5.4	1.1	3.15	4.95	0.5	2.25	4.95	0.5	5.4	4.05	1.5	4.5	4.5	1.5	6.75	4.5	0.5	2.25	4.95	1	4.5	4.05	1.3	6.75	4.5	1.3	4.5	6.75	1
12	55.54	41.37	36.76	100	0.5	1	1	0	1	2.76	2.26	0.39	1.76	2.01	0.28	1.76	2.76	0.45	3.76	1.76	0.61	2.51	3.26	0.61	2.76	2.01	0.72	2.51	1.25	0.5	3.76	3.26	0.45	3.26	3.76	0.28	2.01	1.25	0.67	2.51	2.51	0.39	3.01	3.26	0.67	2.51	2.51	0.67	1.25	2.51	0.72
13	52.9	43.6	28.14	100	0.5	1	1	0	1	3.65	4.05	1.35	6.08	2.84	0.99	3.24	4.86	0.81	4.46	4.46	1.17	2.84	4.05	1.35	6.08	2.84	1.35	2.84	2.03	0.72	4.86	3.24	0.81	2.84	6.08	0.9	3.24	5.27	1.08	2.84	2.84	0.72	4.86	3.65	0.63	5.27	2.03	0.99	3.65	4.05	0.81
14	52.02	42.21	38.63	100	0.5	0	0	1	6	3.49	3.99	1.33	4.99	2.49	0.55	2.49	7.48	1	4.99	5.49	0.55	7.48	4.49	1	4.99	3.99	1.11	6.48	2.49	1.33	4.49	4.49	1.22	4.49	3.49	1.11	4.99	7.48	0.89	4.49	6.48	0.55	3.49	2.49	0.55	6.48	4.99	0.55	5.98	6.48	0.55
15	54.73	27.53	61.52	100	0.5	0	0	1	3	3.13	2.19	0.63	4.69	3.75	1.04	3.44	2.5	0.63	2.5	1.56	0.83	4.07	1.56	0.63	2.82	1.56	0.76	3.13	3.13	0.7	1.56	4.69	0.35	4.07	2.19	1.04	2.5	2.82	0.56	4.07	3.13	0.7	2.82	3.13	0.9	4.69	2.19	0.56	3.13	4.69	0.63
16	54.94	31.92	44.85	100	0.5	1	1	0	2	2.36	1.42	0.39	1.1	1.26	0.42	1.89	0.79	0.53	2.36	1.1	0.28	1.1	1.73	0.32	1.26	0.79	0.32	0.79	2.36	0.25	2.05	0.79	0.39	1.26	1.89	0.18	1.73	1.26	0.35	2.36	1.58	0.32	1.1	1.89	0.53	2.05	1.58	0.25	0.79	1.58	0.46
17	53.73	42.95	35.87	100	0.5	0	0	1	6	6.96	4.64	1.24	5.57	6.96	1.03	4.64	3.25	1.55	5.1	2.32	0.93	5.57	6.96	0.93	5.1	6.03	1.24	4.64	4.17	1.34	2.32	5.1	1.13	4.64	6.03	1.24	2.32	2.32	0.72	4.17	4.64	1.03	5.1	2.32	1.03	3.25	4.64	1.24	4.64	3.25	0.93
18	35.66	34.52	22.62	100	0.5	1	1	0	2	4.44	3.55	0.53	2.66	2.07	0.53	3.55	1.48	0.85	3.25	2.96	0.66	2.07	3.25	0.59	2.07	1.48	0.99	2.07	2.96	0.79	4.44	4.44	0.66	4.44	3.25	0.79	3.55	3.84	0.53	1.48	3.84	0.66	3.25	1.48	0.72	2.96	2.96	0.99	2.66	2.96	0.46
19	44.58	65.53	54.39	100	0.5	1	1	1	1	1.76	1.49	0.15	1.49	1.08	0.27	1.22	1.35	0.36	1.08	1.76	0.39	1.76	1.35	0.3	1.76	0.68	0.36	0.68	1.35	0.27	1.35	1.49	0.24	1.08	1.35	0.39	0.68	1.62	0.33	1.08	1.35	0.24	1.35	1.35	0.3	1.49	2.03	0.3	1.35	1.35	0.15
20	54.65	45.77	28.6	100	0.5	1	1	0	1	1.49	1.35	0.45	0.68	1.49	0.36	0.95	1.35	0.45	1.35	1.35	0.27	1.35	1.22	0.3	0.95	1.22	0.3	1.35	1.62	0.33	1.22	0.95	0.3	1.08	1.49	0.3	1.35	2.03	0.3	1.49	1.76	0.21	1.22	1.49	0.15	1.62	1.49	0.45	1.35	1.08	0.27
21	47.74	39.28	59.73	100	0.5	0	0	1	1	6.02	2.51	0.56	7.52	4.51	1.45	6.02	3.51	1.23	4.51	6.52	1.45	4.51	7.52	0.78	6.02	5.52	1.11	5.01	5.01	1.11	2.51	3.51	1.67	5.01	6.02	0.89	5.52	4.51	1	4.51	3.51	0.56	5.01	4.51	1.45	5.52	4.01	1.11	2.51	5.01	1.45
22	47.33	41.04	58.66	100	0.5	1	1	1	2	4.54	3.53	0.79	5.55	7.57	1.35	4.54	4.04	1.01	4.54	5.05	1.01	7.57	7.57	1.12	6.56	2.52	0.56	5.05	4.04	1.35	7.57	7.57	0.56	4.54	5.05	1.12	2.52	5.05	1.68	3.53	3.53	1.35	5.55	5.55	0.56	4.54	5.05	1.23	7.57	6.56	0.9
23	55.68	44.51	60.39	100	0.5	1	1	0	1	1.93	2.12	0.43	2.31	0.96	0.43	1.93	1.93	0.64	2.51	2.89	0.43	1.93	1.93	0.43	1.54	2.31	0.51	0.96	2.31	0.51	2.51	1.35	0.56	0.96	2.89	0.56	0.96	0.96	0.51	0.96	2.31	0.43	1.74	1.54	0.43	1.54	1.93	0.21	1.93	0.96	0.56
24	46.69	38.5	63.91	100	0.5	0	0	1	2	4.01	5.01	0.89	4.01	1.67	0.59	3.01	2.67	0.37	3.01	3.34	0.74	5.01	5.01	0.89	4.35	3.01	0.67	4.35	3.68	0.74	4.35	3.34	0.59	4.01	5.01	0.82	2.34	2.67	1.11	3.01	3.01	0.67	5.01	3.34	0.82	2.34	4.35	1.11	3.34	5.01	0.74
25	60.33	47.89	57.15	100	0.5	1	1	0	1	2.55	3.68	0.69	2.26	3.11	0.69	4.24	3.11	0.5	4.24	1.98	0.94	2.26	3.68	0.75	2.55	2.83	0.82	2.83	4.24	0.5	4.24	2.55	0.63	3.11	2.83	0.75	1.41	3.11	0.5	2.55	4.24	0.82	1.41	2.55	0.44	2.55	3.68	0.63	2.83	1.98	0.75
26	52.9	36.3	37.59	100	0.5	1	1	0	1	1.29	1.93	0.26	1.16	1.16	0.14	0.9	1.67	0.29	1.29	1.93	0.31	1.29	0.64	0.29	1.29	1.54	0.26	0.9	1.93	0.34	0.9	0.64	0.37	1.93	1.54	0.31	1.29	0.9	0.26	0.9	1.93	0.34	0.64	1.93	0.31	1.29	1.93	0.29	1.16	1.29	0.37
27	47.91	41.81	51.01	100	0.5	0	0	1	3	4.63	2.57	1.14	5.66	6.17	1.37	6.69	4.63	1.37	4.63	6.17	1.03	3.6	5.14	1.49	2.57	5.66	0.8	5.14	2.57	1.49	3.6	6.17	1.37	5.66	6.69	1.03	4.63	4.11	1.26	4.11	7.71	1.71	2.57	3.6	1.26	5.14	5.14	0.57	5.14	4.11	1.71
28	48.92	43.15	23.37	100	0.5	1	1	1	1	2.52	2.52	0.77	3.15	2.84	0.35	2.52	2.21	0.91	3.15	4.1	1.05	1.58	3.15	0.56	4.1	3.15	0.7	2.21	4.73	0.35	3.47	4.73	0.91	3.47	1.58	0.56	2.84	2.21	0.56	2.21	2.84	0.91	4.73	4.1	0.84	4.1	3.78	0.91	4.73	3.15	1.05
29	49	41.34	64.7	100	0.5	1	1	1	1	4.24	4.24	1.23	2.97	3.82	1.23	4.24	2.97	1.04	3.82	4.67	0.94	4.24	2.12	1.04	3.82	3.82	0.47	4.67	2.97	1.41	5.09	4.67	1.13	6.36	4.24	0.94	2.12	4.24	0.75	4.67	2.97	0.47	5.52	3.39	0.94	6.36	5.09	0.94	4.24	4.67	1.41
30	51.52	43.01	16.45	100	0.5	1	1	0	1	1.63	1.04	0.33	2.22	2.22	0.3	1.48	1.18	0.39	1.33	0.74	0.23	1.77	1.18	0.26	1.77	1.33	0.43	1.77	1.33	0.16	1.92	1.04	0.23	1.33	2.22	0.3	1.48	1.48	0.49	1.48	1.48	0.39	1.92	1.18	0.49	1.48	2.22	0.3	1.92	1.77	0.33
31	55.79	22.05	36.17	100	0.5	0	0	1	1	1.26	1.44	0.2	2.7	1.8	0.4	2.34	1.8	0.28	1.8	1.26	0.6	1.8	1.44	0.2	1.8	2.16	0.36	1.8	1.62	0.4	2.16	1.62	0.44	0.9	1.26	0.6	2.7	1.62	0.36	0.9	1.44	0.4	1.26	1.26	0.6	1.26	1.44	0.52	0.9	1.98	0.2
32	48.3	40.45	15.5	100	0.5	0	0	1	1	4.95	3.47	1.32	3.47	5.94	0.88	3.47	4.95	1.65	4.46	4.46	1.65	6.44	3.47	1.1	4.95	4.46	1.21	2.48	4.95	0.88	7.43	4.95	1.65	4.46	3.96	1.65	3.47	3.47	0.99	4.95	2.48	0.88	2.48	2.48	0.77	4.95	4.46	1.65	6.44	2.48	0.88
33	36.7	35.17	39.23	100	0.5	0	0	1	1	4.53	5.66	0.88	4.53	5.66	1.38	7.35	5.66	1.13	6.79	6.79	1.01	5.09	5.09	0.88	8.49	6.79	1.51	6.22	4.53	1.26	5.66	5.66	1.01	5.66	6.79	1.51	4.53	5.66	1.51	7.35	6.79	1.63	6.22	2.83	1.51	6.79	8.49	1.01	5.66	6.79	1.63
34	38.61	35.52	37.78	100	0.5	1	1	0	1	2.89	2.31	0.43	1.93	1.93	0.21	0.96	1.93	0.51	1.54	1.54	0.39	2.12	1.93	0.51	1.74	0.96	0.3	2.89	1.93	0.56	1.74	1.54	0.56	1.93	2.12	0.51	0.96	2.31	0.34	1.35	1.93	0.56	1.93	2.12	0.34	1.93	2.12	0.43	2.51	0.96	0.39
35	47.76	42.01	48.64	100	0.5	0	0	1	5	5.67	6.54	0.77	4.36	3.92	1.45	6.54	3.92	0.87	3.92	3.49	0.97	5.67	4.36	0.97	5.67	5.67	1.45	5.23	4.79	1.16	2.18	3.49	0.77	5.23	5.23	1.16	5.67	3.05	1.07	6.54	4.36	1.16	2.18	3.49	0.68	5.67	5.67	1.07	4.36	5.67	0.97
36	56.45	43	9.07	100	0.5	1	1	0	1	1.74	1.91	0.42	1.74	1.74	0.46	2.6	1.56	0.31	1.74	1.39	0.27	1.56	0.87	0.39	2.26	1.56	0.39	2.6	2.6	0.39	2.26	2.26	0.31	2.6	1.39	0.58	1.74	1.91	0.35	2.6	1.56	0.39	1.39	1.39	0.5	2.26	0.87	0.46	1.74	1.74	0.58
37	47.34	43.41	29.72	100	0.5	1	1	0	1	5.35	2.88	0.73	3.29	3.7	1.1	6.17	2.06	0.82	6.17	4.53	0.64	5.35	4.53	1.01	2.88	6.17	0.73	4.53	4.11	0.64	4.94	4.11	0.91	2.06	4.53	0.91	4.53	6.17	1.37	4.11	4.94	0.91	4.11	2.88	0.64	3.29	4.94	0.46	4.94	3.29	1.19
38	50.62	40.96	7.99	100	0.5	0	0	1	2	5.13	6.41	1.43	4.28	4.7	0.48	5.56	4.28	0.86	4.28	5.13	0.86	6.41	3.42	1.14	2.99	2.99	1.24	4.28	6.41	0.95	4.28	3.85	0.86	4.28	2.99	1.05	4.28	5.13	0.95	4.28	4.28	1.14	5.56	4.28	0.76	6.41	3.85	0.86	5.13	4.28	0.67
39	43.3	48.96	60.9	100	0.5	0	0	1	1	4.18	4.6	1.11	4.18	4.18	0.93	3.76	5.01	1.02	4.18	5.43	0.65	2.93	4.6	0.74	4.18	3.76	0.84	5.43	4.18	0.46	4.6	6.27	0.84	4.18	3.76	1.39	3.34	5.01	0.46	2.93	2.93	1.21	4.6	3.34	0.74	2.93	2.93	0.84	4.6	4.18	1.11
40	58.75	52.38	21.55	100	0.5	1	1	0	2	3.15	4.5	1.5	4.95	5.85	0.9	4.5	5.85	1.2	3.15	4.05	1	5.4	2.25	1	4.5	3.15	1.3	3.6	5.85	1.1	4.5	3.6	0.5	6.75	5.85	0.5	4.5	4.95	0.5	4.05	4.95	1.1	5.85	4.5	1	4.05	4.95	1	3.15	4.05	0.9
41	45.06	46.85	11.76	100	0.5	0	0	1	1	0.74	1.92	0.43	1.18	1.63	0.36	0.74	1.18	0.36	1.33	1.48	0.33	1.18	1.48	0.33	2.22	1.77	0.49	2.22	1.48	0.26	1.63	1.33	0.33	1.63	1.77	0.33	1.48	1.48	0.36	0.74	1.04	0.43	1.77	2.22	0.33	1.18	1.92	0.49	1.18	1.77	0.3
42	47.22	39.04	46.21	100	0.5	1	1	0	2	4.56	4.15	1.01	6.22	3.73	0.92	4.15	2.07	0.74	3.73	4.15	0.46	3.73	3.32	1.38	3.73	4.15	0.74	2.07	3.32	0.92	3.32	4.15	0.92	5.39	4.15	0.92	4.15	6.22	0.92	4.15	2.9	1.11	3.73	2.07	0.46	3.32	6.22	0.83	6.22	4.98	1.2
43	47.15	41.19	24.97	100	0.5	1	1	0	1	0.74	1.92	0.33	1.63	1.48	0.49	1.18	1.33	0.26	0.74	1.77	0.49	1.48	1.77	0.16	1.63	1.63	0.33	1.04	0.74	0.33	1.92	1.77	0.23	2.22	0.74	0.23	1.48	1.48	0.3	1.77	1.92	0.49	1.92	1.63	0.3	1.48	1.48	0.23	1.77	1.48	0.36
44	53.87	31.45	29.78	100	0.5	1	1	0	1	1.93	1.41	0.29	1.93	1.54	0.23	1.29	1.29	0.34	1.67	1.03	0.37	1.93	0.9	0.14	1.16	1.54	0.31	0.64	0.64	0.23	1.29	1.41	0.31	0.64	0.64	0.23	0.64	1.16	0.34	1.29	1.67	0.34	0.64	0.9	0.29	1.16	1.16	0.43	1.03	1.67	0.26
45	45.06	46.85	34.18	100	0.5	1	1	0	1	6.94	4.63	1.23	6.02	4.17	0.93	4.17	5.09	1.54	5.55	2.31	1.13	4.63	4.63	1.34	6.94	5.55	1.54	3.24	5.09	1.34	2.31	5.09	1.03	6.02	5.09	1.54	4.17	5.09	0.82	6.02	6.02	1.54	4.17	2.31	0.93	6.94	4.63	0.51	2.31	4.63	0.82
46	54.05	38.85	25.47	100	0.5	1	1	0	1	2.83	2.83	0.63	3.86	2.57	0.69	3.34	2.31	0.4	1.8	2.57	0.4	2.57	2.57	0.4	1.29	2.06	0.57	2.57	2.83	0.51	3.86	2.57	0.57	3.34	2.83	0.86	1.29	3.86	0.69	2.06	2.31	0.4	1.29	2.31	0.29	2.57	2.57	0.51	2.83	3.86	0.29
47	43.67	40.09	34.4	100	0.5	1	1	0	1	3.76	6.27	0.93	4.18	4.18	1.11	4.18	6.27	0.84	5.01	3.76	1.02	4.18	3.34	0.93	4.18	5.43	0.74	2.09	3.76	0.65	4.18	2.09	1.21	2.93	4.6	0.93	4.18	5.43	0.84	3.34	6.27	1.39	4.18	5.43	0.46	3.34	6.27	0.93	3.76	2.93	0.93
48	51.84	43.02	57.33	100	0.5	1	1	0	1	1.08	1.35	0.33	0.95	1.22	0.24	0.95	1.22	0.36	1.35	1.22	0.27	0.95	0.68	0.27	1.35	1.76	0.3	0.95	1.08	0.15	0.68	0.68	0.3	1.35	1.08	0.21	1.49	1.22	0.3	2.03	0.68	0.21	2.03	1.35	0.3	0.68	1.35	0.27	2.03	1.35	0.21
49	53.52	40.01	41.77	100	0.5	1	1	0	1	4.76	7.14	0.74	5.23	4.76	1.37	2.38	3.81	1.16	5.23	3.81	1.16	4.76	4.76	1.59	4.28	6.18	0.74	7.14	7.14	1.27	5.71	2.38	1.27	7.14	5.23	0.85	5.23	2.38	0.53	5.71	4.28	1.06	5.71	7.14	0.53	4.76	4.76	0.74	4.76	4.28	0.85
50	53.36	43.88	20.18	100	0.5	1	1	0	1	2.62	2.84	0.39	2.19	2.62	0.58	2.19	1.09	0.24	2.4	2.19	0.24	1.09	2.84	0.53	2.19	2.84	0.34	2.84	2.84	0.44	2.19	1.97	0.39	1.75	2.4	0.73	2.4	2.19	0.24	1.09	3.28	0.49	1.09	1.53	0.63	2.84	2.19	0.63	2.4	2.4	0.53
51	50.31	42.04	36.97	100	0.5	1	1	0	1	2.44	2.69	0.54	2.69	1.95	0.81	1.95	3.18	0.54	2.69	3.66	0.43	2.44	1.71	0.6	2.44	2.69	0.54	2.93	2.93	0.43	2.44	1.95	0.27	3.18	2.2	0.65	1.22	1.71	0.43	1.71	2.93	0.54	1.71	2.69	0.54	2.69	2.44	0.54	1.71	2.2	0.38
52	47.83	41.44	4.96	100	0.5	1	1	0	1	1.64	2.95	0.36	2.3	3.28	0.95	2.95	3.28	0.8	4.26	3.28	0.66	3.28	4.92	0.66	3.93	3.28	0.73	3.28	3.61	0.58	2.62	4.26	0.8	2.3	3.61	0.58	4.26	2.3	1.09	3.28	4.26	0.66	3.61	2.3	1.09	2.3	3.61	0.66	2.62	2.3	0.51
53	55.61	45.09	59.91	100	0.5	1	1	1	1	3.09	2.62	0.53	1.19	3.57	0.48	1.9	1.9	0.42	3.57	1.19	0.53	2.62	3.57	0.53	2.62	3.09	0.79	3.57	3.57	0.37	1.9	2.38	0.53	1.9	1.19	0.69	3.57	2.62	0.79	2.38	2.62	0.48	3.09	2.14	0.53	3.57	2.38	0.53	3.57	2.62	0.58
54	49.39	40.7	53.11	100	0.5	1	1	0	1	2.66	4.17	0.84	3.41	5.69	1.01	3.41	4.93	0.84	1.9	1.9	0.84	3.79	4.55	1.1	3.79	4.17	0.84	3.79	3.79	0.93	2.66	3.41	0.76	4.93	4.93	0.42	3.79	5.69	1.1	3.79	4.55	1.26	1.9	3.03	0.93	1.9	3.79	0.42	3.41	3.79	0.42
55	58.01	45.95	27.8	100	0.5	1	1	0	1	2.83	3.68	0.63	4.24	3.68	0.82	3.39	4.24	0.63	2.55	2.26	0.75	3.68	3.11	0.5	3.68	2.83	0.57	2.55	4.24	0.57	2.83	1.41	0.69	2.55	3.11	0.94	3.68	3.68	0.63	3.68	3.68	0.63	1.98	1.41	0.63	1.41	2.55	0.75	2.83	3.68	0.63
56	37.18	37.96	17.11	100	0.5	0	0	1	1	1.98	1.41	0.82	1.98	1.41	0.31	1.98	2.26	0.63	2.83	2.83	0.5	2.83	4.24	0.75	3.39	3.39	0.57	3.11	1.98	0.57	3.39	2.55	0.94	3.39	3.39	0.57	2.83	2.83	0.31	2.55	2.83	0.63	4.24	2.26	0.82	3.68	3.11	0.5	4.24	3.68	0.63
57	35.36	34.6	33.78	100	0.5	0	0	1	1	3.02	5.17	0.67	4.31	2.15	0.77	4.31	2.15	0.96	4.31	3.02	1.15	3.45	5.17	0.67	3.88	4.74	0.86	3.02	2.15	0.86	3.02	4.74	1.24	5.6	4.74	0.96	2.15	3.88	0.86	5.17	6.46	1.05	5.6	3.45	0.48	5.6	6.46	0.86	3.02	3.02	0.96
58	51.12	43.51	52.39	100	0.5	1	1	1	1	1.22	1.22	0.27	1.95	2.44	0.49	1.95	2.93	0.6	3.66	2.2	0.27	2.93	3.66	0.49	2.44	2.93	0.54	3.66	3.18	0.71	2.69	1.95	0.81	1.71	2.93	0.65	2.44	2.2	0.81	3.18	3.18	0.71	1.22	1.22	0.6	1.71	2.69	0.71	2.44	2.69	0.49
59	47.91	41.81	17.5	100	0.5	0	0	1	6	2.6	4.68	0.58	3.64	7.79	1.15	6.24	3.64	1.15	5.72	5.72	1.15	7.79	5.2	1.39	4.68	6.76	1.15	3.64	6.76	1.04	3.64	3.64	1.27	6.24	5.2	1.04	5.2	2.6	0.81	4.68	5.72	1.15	6.24	5.72	0.81	4.16	4.16	0.81	4.16	4.68	1.15
60	43.35	43.29	64.79	100	0.5	0	0	1	3	2.55	2.83	0.57	1.41	1.98	0.63	2.83	2.83	0.44	2.83	3.39	0.31	3.11	3.39	0.75	2.83	1.41	0.69	1.98	3.11	0.57	1.41	1.98	0.75	3.68	2.26	0.5	1.98	3.11	0.63	2.83	2.55	0.5	2.83	3.11	0.94	1.41	4.24	0.63	2.83	2.83	0.57
61	52.37	39.8	19.4	100	0.5	1	1	0	1	2.12	1.7	0.57	2.55	1.7	0.42	2.76	2.12	0.52	2.12	1.06	0.42	1.7	1.91	0.71	2.12	2.76	0.57	2.33	2.33	0.42	2.76	1.49	0.38	2.76	1.7	0.42	1.06	2.76	0.61	2.55	2.76	0.42	3.18	1.7	0.38	1.06	1.49	0.38	2.76	2.12	0.42
62	47.77	41.92	52.31	100	0.5	1	1	0	1	3.68	3.39	0.94	2.83	4.24	0.44	3.68	2.26	0.31	3.11	3.39	0.75	2.26	3.68	0.75	2.83	3.11	0.63	2.83	3.39	0.82	1.41	2.83	0.82	2.83	1.41	0.82	1.41	3.68	0.82	3.68	3.11	0.63	2.55	2.83	0.63	1.98	3.39	0.31	1.41	3.11	0.5
63	37.64	49.19	52.41	100	0.5	1	1	0	1	2.84	3.15	0.7	3.47	2.52	0.77	2.84	4.73	0.63	2.21	2.21	0.84	2.52	2.21	0.49	3.15	2.84	0.7	3.47	4.73	0.49	4.73	2.52	0.77	4.73	2.21	0.91	3.78	2.52	0.7	3.78	3.15	0.56	3.15	4.1	1.05	2.84	4.1	0.35	3.15	1.58	1.05
64	59.13	38.29	15.18	100	0.5	1	1	1	1	3.24	2.43	0.78	2.7	3.24	0.6	2.43	1.89	0.42	2.97	2.97	0.54	3.24	2.43	0.66	3.24	2.7	0.9	2.7	1.35	0.78	2.7	3.51	0.54	1.35	1.89	0.66	2.16	3.51	0.3	4.05	2.16	0.66	2.97	3.24	0.6	2.16	2.43	0.78	2.97	4.05	0.54
65	49.21	41.1	48	100	0.5	1	1	0	1	2.88	3.96	1.04	3.6	3.6	0.56	2.52	4.68	1.2	2.52	3.24	0.88	3.6	2.52	1.2	3.6	2.52	0.88	4.68	3.24	0.4	3.24	1.8	0.4	3.24	3.96	0.96	3.6	3.6	0.8	2.88	2.52	0.96	3.6	3.6	0.72	2.52	4.68	1.04	1.8	2.52	1.04
66	56.85	35.61	11.83	100	0.5	1	1	0	1	1.49	1.68	0.62	0.93	2.42	0.37	1.31	2.24	0.41	1.86	0.93	0.5	2.24	1.31	0.33	2.8	2.42	0.54	1.49	2.24	0.41	2.42	2.24	0.46	0.93	0.93	0.29	1.31	2.42	0.41	2.05	1.68	0.21	2.42	2.05	0.37	2.8	1.68	0.41	1.31	1.31	0.41
67	42.86	27.62	13.19	100	0.5	1	1	0	1	2.05	1.86	0.33	2.42	2.24	0.37	2.05	1.68	0.5	2.42	0.93	0.37	2.8	1.86	0.41	1.49	2.8	0.29	1.86	2.05	0.54	1.49	1.86	0.41	0.93	2.24	0.33	1.68	1.49	0.37	0.93	1.31	0.46	0.93	2.05	0.41	1.49	1.68	0.41	2.05	1.68	0.21
68	54.16	45.6	63.53	100	0.5	0	0	1	1	1.44	1.98	0.44	1.98	2.7	0.48	2.34	1.44	0.6	1.44	1.26	0.4	1.8	1.44	0.28	1.98	0.9	0.52	0.9	1.62	0.28	1.8	1.98	0.44	2.16	2.7	0.32	1.44	1.26	0.4	2.16	1.8	0.6	1.62	1.26	0.36	1.8	2.16	0.6	1.44	1.98	0.2
69	52.9	36.3	0.72	100	0.5	0	0	1	1	5.09	2.97	1.04	6.36	4.67	1.04	4.67	5.52	0.94	4.24	5.52	1.04	4.24	4.24	1.41	3.82	4.24	0.94	2.97	2.12	1.41	3.39	5.52	1.23	5.52	4.24	0.75	4.67	6.36	0.66	4.24	4.67	1.13	4.24	2.12	0.66	3.39	4.24	0.94	2.12	5.09	1.23
70	47.1	40.21	52.85	100	0.5	0	0	1	1	2.93	2.25	0.5	2.25	2.93	0.75	2.25	3.38	0.45	2.7	1.13	0.5	2.7	2.25	0.55	1.8	2.25	0.35	2.03	1.8	0.4	2.25	2.25	0.25	2.03	2.7	0.6	2.25	2.25	0.6	2.7	2.93	0.35	2.25	2.7	0.55	2.25	3.38	0.65	1.8	2.25	0.35
71	53.11	39.6	10.91	100	0.5	1	1	0	1	0.8	1.93	0.43	1.61	1.93	0.39	2.09	1.29	0.54	1.13	1.13	0.46	1.77	1.29	0.36	1.93	1.29	0.36	1.13	1.93	0.29	1.29	2.41	0.46	1.29	1.93	0.36	1.61	2.09	0.18	2.09	1.45	0.36	1.29	1.13	0.43	1.93	1.45	0.36	1.13	1.61	0.39
72	52.47	43.6	61.78	100	0.5	1	1	0	1	1.49	1.31	0.41	2.8	1.68	0.21	2.42	1.86	0.21	0.93	2.24	0.46	2.05	0.93	0.54	1.86	1.31	0.41	1.86	2.05	0.41	1.86	1.86	0.21	2.8	1.68	0.37	2.05	0.93	0.46	1.49	2.24	0.37	2.05	2.42	0.21	2.8	2.24	0.37	0.93	2.05	0.41
73	56.78	43.64	60.19	100	0.5	0	0	1	2	3.83	4.21	1.28	1.91	4.97	1.28	4.21	3.44	0.77	2.68	4.21	1.28	4.97	4.59	1.02	4.97	4.59	0.85	4.59	3.06	0.77	4.21	2.68	1.28	1.91	3.83	1.02	3.44	2.68	1.28	5.74	2.68	0.43	4.21	2.68	0.6	5.74	3.44	1.02	3.44	4.59	0.77
74	53.07	33.3	35.53	100	0.5	1	1	0	1	0.95	1.08	0.27	1.22	1.08	0.3	0.68	1.49	0.15	0.68	1.08	0.33	1.35	1.62	0.45	0.68	0.95	0.24	2.03	1.22	0.15	1.35	2.03	0.15	1.22	1.49	0.21	1.49	1.22	0.27	1.08	2.03	0.39	0.95	0.95	0.21	2.03	1.22	0.39	1.62	2.03	0.3
75	47.75	35.09	45.65	100	0.5	0	0	1	2	6.7	4.47	0.79	4.47	5.81	0.7	3.57	3.13	0.99	4.47	4.02	1.19	6.7	3.13	0.7	5.81	4.02	0.89	6.7	4.47	0.99	5.81	4.47	0.99	5.36	5.81	1.29	3.13	4.47	0.79	3.57	2.23	0.89	3.57	3.57	1.09	5.36	4.02	1.09	4.47	4.91	0.7
76	36.85	0	47.46	100	0.5	1	1	0	1	0	0	0	0	0	0	0	0	0	0	0	0	0	0	0	0	0	0	0	0	0	0	0	0	0	0	0	0	0	0	0	0	0	0	0	0	0	0	0	0	0	0
77	53.06	33.34	32.7	100	0.5	0	0	1	2	1.97	1.53	0.63	1.53	2.62	0.63	2.84	2.4	0.53	1.09	3.28	0.24	1.97	2.62	0.34	2.4	1.97	0.63	2.4	2.62	0.24	2.62	2.4	0.49	1.53	2.4	0.73	2.84	1.75	0.58	3.28	1.97	0.24	2.62	1.97	0.73	1.97	2.62	0.44	1.75	2.62	0.53
78	44.16	42.23	49.66	100	0.5	1	1	0	1	4.42	4.42	1.47	3.87	5.53	1.23	5.53	4.42	0.98	3.87	5.53	1.84	6.08	7.19	1.47	7.19	4.42	1.84	8.29	6.63	0.86	2.76	6.63	0.98	4.42	6.08	1.11	4.42	6.63	0.61	2.76	6.08	0.86	5.53	4.42	0.98	6.08	6.63	0.86	5.53	2.76	1.47
79	56.94	46.95	57.2	100	0.5	1	1	0	1	3.55	2.96	0.99	2.96	4.44	0.59	2.96	3.84	0.99	3.84	2.37	0.53	2.07	3.84	0.33	3.84	4.44	0.66	3.84	3.25	0.66	2.96	2.66	0.72	1.48	2.96	0.66	3.84	4.44	0.66	3.55	2.96	0.99	4.44	1.48	0.66	2.37	3.84	0.59	3.25	2.37	0.59
80	56.02	45.13	61.98	100	0.5	1	1	1	2	3.33	4.07	0.41	4.07	2.96	0.41	4.81	4.81	0.82	3.7	3.7	1.23	4.07	3.7	0.9	3.7	3.7	1.23	4.07	4.81	0.58	3.7	3.7	0.82	1.85	4.44	0.41	2.96	2.96	0.74	3.7	2.96	0.74	4.07	3.33	0.58	4.81	4.81	0.74	1.85	2.59	0.82
81	41.46	23.88	2.18	100	0.5	0	0	1	1	4.18	2.89	0.93	2.25	4.82	0.36	3.54	4.18	0.93	4.18	2.25	1.07	2.89	4.82	0.64	3.21	3.54	0.5	3.21	3.21	0.93	2.57	3.54	0.36	4.18	1.61	0.71	3.86	2.25	0.36	2.89	2.57	0.71	3.21	2.89	1.07	3.21	1.61	0.71	3.54	4.18	0.71
82	53.16	27.41	6.17	100	0.5	1	1	0	1	2.84	3.15	0.7	3.47	3.47	0.7	4.73	3.78	0.77	2.52	2.21	1.05	4.73	4.1	0.7	2.84	3.47	0.77	3.78	2.84	0.35	3.15	3.15	0.84	2.84	2.52	0.84	2.84	2.21	0.91	2.52	2.21	0.35	1.58	2.84	0.35	2.84	3.47	0.77	2.84	4.73	0.84
83	37.08	38.13	40.94	100	0.5	1	1	0	1	4.15	1.38	0.43	4.15	3.04	0.61	1.94	3.04	0.55	1.38	2.49	0.68	1.94	3.59	0.61	3.59	2.76	0.92	3.32	1.38	0.55	1.38	3.04	0.31	1.38	1.38	0.74	1.94	2.21	0.8	2.49	1.38	0.8	1.38	4.15	0.31	3.59	4.15	0.74	2.76	3.59	0.43
84	57.24	41.64	2.64	100	0.5	1	1	1	2	2.86	2.86	0.29	2.08	2.86	0.75	2.6	2.08	0.69	3.91	3.38	0.52	3.91	2.6	0.58	2.08	1.3	0.41	3.91	3.38	0.41	2.6	3.12	0.87	2.86	2.34	0.29	1.3	2.6	0.87	2.08	3.91	0.58	1.82	1.3	0.41	1.3	1.82	0.58	1.3	1.3	0.75
85	56.04	47.84	54.39	100	0.5	1	1	0	1	1.85	2.31	0.26	3.01	2.31	0.67	2.31	2.08	0.51	2.78	2.31	0.67	1.62	2.78	0.67	2.78	3.01	0.51	2.55	1.16	0.51	2.31	2.55	0.77	1.62	2.55	0.46	3.01	1.62	0.62	1.62	2.31	0.46	1.85	2.31	0.36	2.31	1.85	0.51	2.31	3.01	0.26
86	47.9	41.15	26.1	100	0.5	1	1	0	1	1.8	1.13	0.45	2.93	2.03	0.35	2.48	2.48	0.5	2.7	1.13	0.5	2.25	2.25	0.75	2.7	2.7	0.5	2.48	3.38	0.75	1.8	2.25	0.55	2.48	2.93	0.5	3.38	2.48	0.75	2.48	1.58	0.75	2.03	2.25	0.65	1.58	1.13	0.6	2.7	2.25	0.5
87	54.94	31.92	24.75	100	0.5	1	1	0	1	2.08	2.78	0.36	2.55	1.62	0.41	3.01	2.31	0.67	2.78	3.47	0.46	2.31	1.16	0.51	2.78	2.31	0.26	1.16	2.08	0.46	2.31	2.08	0.57	3.01	3.47	0.26	2.55	1.85	0.62	3.01	2.31	0.51	1.16	2.31	0.62	3.01	3.01	0.46	1.62	1.85	0.57
88	39.94	49.51	25.8	100	0.5	0	0	1	1	1.7	1.56	0.41	1.27	1.41	0.38	1.41	2.12	0.41	1.41	2.12	0.47	0.99	2.12	0.31	1.27	1.41	0.31	0.99	1.27	0.22	1.7	0.99	0.38	1.84	1.13	0.38	0.99	0.99	0.22	2.12	1.41	0.41	2.12	1.7	0.22	1.41	1.13	0.31	0.71	1.13	0.35
89	30.27	34.59	7.88	100	0.5	1	1	0	2	5.08	7.62	1.69	6.09	6.6	1.13	7.62	5.08	1.13	7.62	4.06	1.02	3.56	2.54	0.79	5.08	4.06	1.35	4.06	7.62	1.69	5.08	5.08	0.56	6.6	4.06	1.02	7.62	5.59	1.13	5.59	5.59	1.47	4.06	3.56	1.13	3.56	3.56	1.13	4.57	2.54	1.13
90	47.72	41.34	5.13	100	0.5	1	1	0	1	0.9	1.8	0.48	1.8	1.8	0.48	0.9	0.9	0.28	1.8	2.34	0.32	0.9	1.26	0.4	1.62	2.34	0.48	1.8	1.8	0.28	1.44	1.8	0.2	1.8	1.62	0.44	1.26	2.16	0.2	1.8	2.7	0.4	1.8	1.44	0.6	2.7	1.8	0.4	2.34	2.34	0.6
91	48.12	39.23	11.02	100	0.5	1	1	0	1	4.32	4.68	0.4	3.24	2.88	0.64	3.6	4.32	0.88	5.4	3.24	0.8	4.32	3.6	0.4	2.88	2.88	0.96	3.24	2.52	0.96	3.24	4.32	0.88	3.96	2.52	0.4	2.88	2.88	0.64	4.32	4.32	0.88	3.6	4.68	0.96	5.4	3.96	0.64	4.32	4.32	0.72
92	53.81	22.71	18.75	100	0.5	0	0	1	2	6.61	3.52	1.27	5.72	3.08	1.17	3.96	4.84	0.98	5.28	3.08	0.78	3.08	3.52	1.27	3.96	2.2	1.27	5.28	5.28	1.17	3.52	3.08	1.17	4.4	4.84	0.78	5.72	4.4	1.27	3.96	2.2	1.17	4.84	2.2	0.69	4.84	5.28	1.27	3.08	3.96	0.69
93	53.06	33.34	58.13	100	0.5	0	0	1	3	6.1	4.22	0.83	4.22	4.22	1.04	3.29	3.29	0.73	4.69	3.75	1.04	7.04	2.35	1.36	2.35	4.22	1.15	6.1	5.16	1.25	5.63	4.69	0.52	5.16	6.1	1.15	5.63	4.69	1.36	5.16	6.1	1.56	3.75	7.04	1.04	4.22	4.22	0.52	2.35	5.16	0.83
94	56.89	26.25	20.81	100	0.5	1	1	1	1	2.37	2.96	0.79	2.07	2.37	0.59	2.66	2.96	0.33	3.25	2.96	0.53	3.55	2.37	0.85	2.96	4.44	0.46	3.84	1.48	0.33	1.48	2.07	0.99	2.96	2.96	0.46	2.66	2.96	0.59	3.25	2.96	0.66	3.25	2.96	0.72	3.55	2.96	0.99	2.37	2.96	0.59
95	47.91	41.81	40.72	100	0.5	1	1	0	1	0.96	0.96	0.51	1.54	0.96	0.51	1.93	2.12	0.43	2.12	1.74	0.47	0.96	2.51	0.43	1.35	1.54	0.51	2.12	2.12	0.34	2.12	1.93	0.43	0.96	2.51	0.64	1.74	2.51	0.39	1.93	0.96	0.3	1.74	0.96	0.47	2.12	1.93	0.21	1.74	2.89	0.21
96	48.09	41.6	52.82	100	0.5	0	0	1	2	9.06	7.86	2.01	4.83	6.04	1.21	6.04	7.25	1.34	7.25	5.44	1.61	9.06	4.23	1.34	6.65	4.23	1.61	6.65	7.25	0.67	4.83	6.04	1.07	9.06	7.25	2.01	4.23	4.23	1.21	7.86	9.06	1.34	6.65	9.06	1.34	7.25	6.65	1.75	5.44	4.23	2.01
97	47.25	34.61	47.91	100	0.5	1	1	0	1	1.77	3.18	0.94	2.83	2.83	0.79	1.77	1.77	0.39	2.48	5.3	0.94	3.18	4.6	0.79	4.24	4.24	0.79	2.48	4.24	0.79	3.54	3.18	1.02	3.18	2.48	0.71	3.89	3.54	1.02	5.3	3.54	0.79	3.54	3.89	0.55	3.54	4.24	0.39	3.89	1.77	0.55
98	45.87	49.07	33.41	100	0.5	1	1	0	1	4.46	5.27	0.45	3.65	4.05	0.72	4.05	5.27	1.08	3.24	3.65	1.08	2.03	4.05	0.63	6.08	4.46	0.81	2.84	3.65	0.9	5.27	4.05	0.81	3.24	4.46	1.08	5.27	4.86	0.45	2.03	4.05	1.08	2.84	4.05	1.08	5.27	2.84	0.99	4.46	6.08	0.45
99	47.53	35.58	59.66	100	0.5	1	1	0	1	1.45	2.6	0.51	3.76	3.76	0.51	2.89	1.45	0.64	2.03	1.45	0.64	4.34	2.89	0.32	1.45	2.03	0.84	3.18	2.31	0.77	3.47	4.34	0.96	3.18	1.45	0.84	4.34	2.89	0.51	2.89	3.18	0.51	2.03	1.45	0.96	3.47	2.89	0.64	2.89	2.03	0.96
100	61.41	49.24	32.04	100	0.5	1	1	0	1	4.47	2.98	0.99	4.85	3.36	0.66	4.85	3.36	0.83	4.85	3.73	0.41	4.47	2.61	0.75	3.73	3.73	0.83	4.47	2.98	0.83	4.85	1.86	0.83	1.86	3.36	0.75	4.85	4.85	0.83	5.59	5.59	0.41	3.73	2.61	0.99	5.59	4.85	0.83	5.59	4.85	0.99
