100	42	300	30	2																																															
20	10	4	240	6																																															
40	65																																																		
0	47.82	38.55	5000	0	0																																														
1	54.79	40.7	39.84	100	0.5	1	1	1	1	3.34	3.01	0.74	5.01	4.35	0.74	2.67	3.01	0.74	4.01	3.01	0.74	3.34	4.01	0.74	3.34	4.35	1.11	3.01	3.34	0.37	3.01	4.35	0.74	4.01	3.34	0.97	3.34	5.01	0.37	3.68	3.34	0.37	3.68	4.01	1.11	4.01	4.01	1.11	4.35	2.34	0.59
2	45.9	41.11	10.77	100	0.5	0	0	1	5	7.93	5.28	0.82	6.34	2.64	0.82	7.93	5.28	1.76	7.93	5.28	1.17	5.28	7.93	0.59	5.81	2.64	1.17	7.93	6.87	1.76	4.76	6.34	1.17	5.28	5.28	1.06	6.87	4.23	1.17	6.34	2.64	0.94	6.34	5.28	1.53	7.93	6.87	1.29	5.28	5.28	1.76
3	50.35	38.62	35.99	100	0.5	1	1	0	1	1.76	1.35	0.21	2.03	1.49	0.3	1.76	0.95	0.15	0.68	0.68	0.45	1.22	1.35	0.33	2.03	1.49	0.27	1.62	1.35	0.27	1.49	2.03	0.3	0.95	1.35	0.15	0.95	0.95	0.3	1.22	2.03	0.27	1.62	1.62	0.36	1.76	1.22	0.3	1.08	1.08	0.3
4	48.05	40.66	26.16	100	0.5	1	1	1	1	1.77	0.8	0.29	1.45	1.61	0.54	1.29	1.13	0.36	1.13	1.77	0.39	2.09	1.13	0.29	1.93	1.61	0.39	2.41	1.45	0.39	1.77	1.13	0.32	1.77	2.09	0.29	1.93	1.29	0.18	1.93	0.8	0.36	1.61	2.09	0.18	1.29	2.09	0.32	0.8	1.45	0.46
5	46.5	46.9	15.76	100	0.5	1	1	1	1	4.23	9.06	1.61	7.86	9.06	1.34	5.44	3.02	1.48	6.04	5.44	0.94	6.65	4.83	1.21	5.44	7.86	1.34	6.04	4.83	0.94	7.86	5.44	0.67	7.86	9.06	1.61	9.06	6.04	1.34	4.83	3.02	1.07	6.04	7.25	1.21	7.86	4.23	0.94	7.25	7.25	1.34
6	42.86	27.62	49.06	100	0.5	0	0	1	5	5.11	4.43	0.91	1.7	3.07	0.53	3.75	5.11	0.61	2.39	3.41	0.76	3.75	3.75	0.98	4.43	3.41	0.76	3.75	3.75	0.53	1.7	3.41	0.76	3.75	4.09	0.98	1.7	3.41	1.14	2.73	3.41	0.38	4.43	1.7	0.53	3.07	3.41	0.91	4.09	5.11	0.76
7	35.41	32.36	23.7	100	0.5	1	1	0	1	4.24	2.83	0.79	4.6	3.54	0.94	3.54	3.54	0.39	5.3	4.6	0.63	3.54	3.89	0.86	3.54	3.89	0.55	4.6	5.3	0.63	2.48	3.54	0.39	1.77	2.83	0.63	3.54	3.54	0.39	4.6	4.24	1.02	4.6	2.48	1.18	1.77	1.77	0.94	3.54	4.24	0.39
8	51.91	40.92	33.11	100	0.5	1	1	0	1	0.96	1.54	0.3	2.31	2.89	0.3	1.54	0.96	0.34	2.89	2.89	0.43	2.51	1.54	0.21	2.51	1.74	0.39	2.89	2.51	0.64	2.51	2.89	0.64	2.31	2.89	0.43	2.31	1.93	0.43	0.96	2.51	0.47	1.54	1.93	0.3	1.93	0.96	0.64	0.96	1.35	0.39
9	49.71	40.72	2.08	100	0.5	0	0	1	1	2.12	3.02	0.67	4.53	3.93	0.54	1.51	3.02	1.01	2.72	4.53	0.67	3.63	2.72	0.47	3.63	3.02	1.01	3.63	2.42	1.01	4.53	3.63	0.6	1.51	3.32	0.6	2.12	3.93	1.01	1.51	2.12	0.74	1.51	2.12	0.74	3.02	3.02	0.81	3.93	2.72	0.54
10	56.52	42.85	33	100	0.5	1	1	1	1	6.75	4.95	1.2	2.25	3.15	0.7	4.95	4.5	1.2	5.4	3.6	0.5	4.05	4.5	1	2.25	6.75	0.8	6.75	3.6	1.2	4.5	4.95	1.3	4.5	6.75	0.7	4.05	5.85	0.9	4.5	3.6	0.5	4.95	4.95	1.3	3.6	5.85	1.3	4.95	6.75	1.1
11	56.03	45.09	0.73	100	0.5	1	1	0	1	5.4	4.95	0.7	4.05	5.85	1.5	6.75	4.5	1.5	4.05	2.25	0.7	3.15	3.6	1.1	4.5	2.25	1.3	4.95	5.85	0.8	3.15	2.25	0.7	4.05	5.85	0.8	3.6	6.75	0.9	3.6	3.6	1.5	2.25	4.05	1.3	3.6	6.75	0.5	6.75	5.4	1
12	55.54	41.37	58.74	100	0.5	1	1	0	1	2.01	2.51	0.61	2.01	1.25	0.56	2.51	1.76	0.56	3.26	2.01	0.72	2.01	2.51	0.5	2.51	1.76	0.56	2.01	2.76	0.28	1.76	1.25	0.56	1.76	2.51	0.39	2.01	2.76	0.28	3.26	2.51	0.72	1.76	2.51	0.61	2.51	1.76	0.72	2.76	3.01	0.84
13	52.9	43.6	47.79	100	0.5	1	1	0	1	2.03	5.27	0.99	6.08	6.08	0.99	4.05	2.03	0.9	4.05	4.05	0.9	6.08	2.84	0.63	5.27	2.84	0.9	2.03	4.05	0.63	2.84	4.05	1.35	4.05	4.05	0.45	2.84	3.24	0.45	4.05	5.27	0.9	3.65	4.05	1.17	4.05	4.05	1.35	4.05	6.08	0.45
14	52.02	42.21	0.45	100	0.5	0	0	1	6	7.48	5.49	1.66	3.99	3.49	1.22	3.49	4.49	1.66	4.99	3.99	1.44	4.99	6.48	1.44	5.49	4.99	0.78	2.49	5.98	0.78	4.99	7.48	1.66	7.48	6.48	0.78	4.99	5.98	0.78	6.48	3.99	1.44	3.99	3.99	1.44	4.99	5.98	1	6.48	3.99	1.44
15	54.73	27.53	12.49	100	0.5	0	0	1	3	4.69	2.19	0.49	2.19	3.13	0.35	3.13	4.69	0.83	1.56	2.82	0.56	2.82	3.13	0.9	3.75	3.13	0.35	3.44	2.5	0.49	1.56	3.44	1.04	2.5	3.13	0.76	3.75	3.13	0.7	1.56	3.44	0.9	3.13	3.44	0.7	2.5	3.75	1.04	4.07	4.69	0.63
16	54.94	31.92	26.17	100	0.5	1	1	0	2	1.58	1.26	0.32	1.73	1.58	0.46	1.73	2.05	0.32	1.73	1.42	0.25	0.79	1.58	0.39	2.05	1.42	0.25	2.36	1.58	0.35	1.89	1.58	0.28	1.89	1.26	0.28	1.73	2.05	0.35	1.89	1.58	0.35	1.73	2.05	0.42	1.58	2.05	0.28	2.36	1.42	0.39
17	53.73	42.95	36	100	0.5	0	0	1	6	4.64	4.17	1.24	5.57	5.57	1.24	2.32	4.64	0.52	4.17	6.03	1.24	3.25	5.1	1.03	6.96	2.32	1.34	6.03	6.96	0.52	4.17	5.1	1.55	6.03	4.64	1.03	4.64	5.1	0.72	6.96	6.96	0.93	6.03	3.25	1.34	4.64	3.71	1.24	3.25	4.64	0.93
18	35.66	34.52	24.12	100	0.5	1	1	0	2	2.96	2.66	0.66	2.37	2.96	0.53	3.84	2.07	0.59	3.25	2.66	0.66	4.44	2.66	0.46	3.84	2.37	0.66	2.96	3.55	0.72	3.55	2.66	0.85	3.25	2.96	0.99	2.07	2.66	0.85	2.37	2.96	0.79	2.96	2.07	0.46	2.96	2.96	0.59	2.07	2.37	0.72
19	44.58	65.53	13.27	100	0.5	1	1	1	1	1.22	1.76	0.45	2.03	1.76	0.27	1.35	0.95	0.21	2.03	1.35	0.3	0.68	1.76	0.27	1.76	0.95	0.3	1.35	1.22	0.33	1.35	1.35	0.39	1.35	1.35	0.15	1.49	0.68	0.21	1.35	1.35	0.24	1.35	0.95	0.15	1.35	1.62	0.24	0.68	2.03	0.36
20	54.65	45.77	64.14	100	0.5	1	1	0	1	1.76	0.68	0.3	0.68	1.62	0.15	1.76	0.68	0.3	1.76	0.95	0.39	1.35	0.68	0.3	1.35	0.68	0.39	2.03	0.95	0.24	1.35	1.35	0.3	1.49	1.62	0.36	1.35	1.35	0.39	1.49	1.35	0.15	1.35	2.03	0.27	2.03	1.08	0.24	1.35	2.03	0.33
21	47.74	39.28	42.31	100	0.5	0	0	1	1	5.01	6.02	0.89	3.51	7.52	1.11	4.01	6.02	0.56	7.52	5.52	1.23	4.01	6.52	1.34	2.51	6.52	1.11	5.01	4.51	1.23	4.01	3.51	0.56	4.01	5.01	0.89	5.01	2.51	1.45	6.02	2.51	1	2.51	6.02	1.23	5.52	6.52	0.56	5.01	6.02	1.11
22	47.33	41.04	56.92	100	0.5	1	1	1	2	4.54	5.05	1.46	4.04	7.57	0.79	7.57	7.57	0.9	3.53	5.05	0.9	6.06	7.57	1.01	6.56	5.05	1.23	6.56	6.56	1.68	6.56	5.05	1.01	7.57	3.53	1.23	2.52	2.52	0.79	6.56	4.54	1.46	4.54	2.52	0.56	5.05	6.06	1.12	2.52	3.53	1.46
23	55.68	44.51	50.07	100	0.5	1	1	0	1	1.93	2.89	0.56	1.35	1.35	0.3	1.54	1.74	0.34	1.74	1.93	0.43	1.93	2.89	0.51	1.93	2.31	0.39	1.93	1.35	0.47	1.93	1.35	0.47	1.93	1.93	0.43	1.93	2.12	0.47	1.35	2.89	0.34	1.54	2.51	0.56	1.35	2.51	0.39	2.51	1.54	0.43
24	46.69	38.5	5.21	100	0.5	0	0	1	2	4.01	2.67	1.11	3.34	4.35	0.37	3.68	3.34	0.67	1.67	2.67	0.74	5.01	3.01	0.59	4.01	3.34	0.52	3.68	2.67	0.74	3.34	4.35	0.74	4.01	4.01	0.74	4.01	3.68	0.74	5.01	5.01	0.52	2.67	1.67	0.82	1.67	3.68	0.67	2.34	1.67	0.97
25	60.33	47.89	19.53	100	0.5	1	1	0	1	2.83	3.11	0.63	3.11	2.83	0.31	4.24	2.83	0.63	2.83	4.24	0.5	3.11	2.83	0.31	1.41	4.24	0.63	1.41	2.83	0.44	1.98	2.83	0.69	3.68	3.39	0.63	4.24	2.83	0.63	3.68	3.39	0.44	2.26	2.83	0.5	1.98	1.41	0.63	3.68	4.24	0.31
26	52.9	36.3	29.03	100	0.5	1	1	0	1	1.41	1.41	0.29	0.64	1.16	0.31	1.16	1.29	0.29	1.03	1.67	0.29	1.16	1.29	0.29	1.03	1.29	0.29	0.9	1.29	0.26	1.16	1.29	0.34	1.03	1.93	0.29	1.29	1.03	0.43	1.67	1.93	0.31	1.67	1.29	0.2	0.64	1.54	0.43	1.54	1.29	0.29
27	47.91	41.81	1.97	100	0.5	0	0	1	3	4.63	6.17	1.26	5.66	5.66	1.03	2.57	3.6	1.71	4.63	7.71	1.37	3.6	6.69	1.37	4.63	4.63	1.37	3.6	6.69	1.26	5.14	5.66	0.91	6.17	7.71	0.57	2.57	6.17	1.26	2.57	6.17	1.71	5.14	4.11	1.71	3.6	4.63	1.03	6.69	5.14	1.49
28	48.92	43.15	32.07	100	0.5	1	1	1	1	2.21	3.15	0.63	3.78	4.1	0.77	3.47	4.1	0.91	2.21	3.78	0.91	4.73	3.15	0.63	3.78	3.78	0.7	3.78	3.15	0.7	2.84	3.15	0.63	2.84	4.73	0.91	1.58	2.21	0.56	2.84	2.21	0.49	2.21	3.15	0.7	1.58	3.47	0.91	1.58	3.15	1.05
29	49	41.34	40.14	100	0.5	1	1	1	1	2.97	2.12	0.75	4.24	4.24	1.13	4.67	4.24	1.41	4.24	5.09	0.94	2.12	2.97	0.85	6.36	4.24	1.04	6.36	4.24	0.94	4.24	2.12	0.47	2.12	6.36	0.94	5.52	3.82	1.04	4.24	5.09	0.75	4.24	6.36	1.41	2.12	3.82	0.94	4.24	5.09	1.13
30	51.52	43.01	41.93	100	0.5	1	1	0	1	2.22	1.48	0.23	1.04	1.63	0.43	2.22	1.63	0.49	1.63	1.77	0.33	1.63	2.22	0.36	2.22	1.18	0.16	1.18	1.77	0.36	1.92	1.33	0.33	1.63	1.33	0.49	1.18	1.04	0.3	1.48	1.04	0.39	1.48	1.63	0.36	1.63	1.48	0.23	1.77	1.92	0.23
31	55.79	22.05	34.24	100	0.5	0	0	1	1	2.34	1.26	0.2	2.16	2.16	0.28	1.26	1.62	0.36	1.98	0.9	0.2	2.16	1.44	0.4	2.16	1.8	0.48	1.62	2.7	0.4	2.16	1.8	0.28	2.7	1.8	0.28	0.9	1.98	0.2	0.9	2.34	0.32	2.16	1.44	0.4	1.8	0.9	0.48	2.7	0.9	0.52
32	48.3	40.45	28.71	100	0.5	0	0	1	1	2.48	7.43	1.1	5.94	3.47	1.1	6.44	6.44	0.55	2.48	3.47	1.32	4.95	5.94	1.65	3.47	3.96	0.77	4.46	3.96	1.43	6.44	4.46	1.65	3.47	5.94	1.65	3.47	5.94	1.43	3.96	5.45	1.1	4.46	4.95	1.21	4.46	7.43	1.1	4.95	5.45	1.32
33	36.7	35.17	13.08	100	0.5	0	0	1	1	8.49	6.22	1.63	7.35	5.66	0.88	5.66	2.83	0.63	5.66	8.49	1.26	5.09	8.49	1.26	5.09	6.79	1.51	5.09	4.53	0.88	4.53	8.49	1.89	5.66	5.66	1.38	5.66	5.66	1.26	4.53	5.09	1.26	2.83	4.53	1.13	6.79	8.49	1.38	2.83	5.66	0.88
34	38.61	35.52	5.46	100	0.5	1	1	0	1	0.96	0.96	0.43	1.54	2.31	0.3	1.54	2.31	0.56	0.96	1.74	0.51	0.96	2.51	0.56	1.93	1.35	0.3	1.54	1.54	0.21	2.51	2.12	0.21	1.54	2.12	0.43	1.93	2.31	0.3	2.51	2.51	0.43	0.96	2.51	0.56	1.35	2.51	0.43	1.93	2.89	0.3
35	47.76	42.01	35.29	100	0.5	0	0	1	5	3.92	4.36	1.16	6.54	3.92	0.77	3.92	4.36	0.68	4.79	2.18	0.97	5.67	3.05	1.07	4.36	3.05	0.77	4.36	4.79	0.68	4.36	5.23	1.16	3.49	4.79	0.97	4.36	4.79	0.77	4.36	2.18	1.07	4.36	3.49	0.48	5.23	3.49	0.48	5.23	5.67	1.26
36	56.45	43	46.78	100	0.5	1	1	0	1	1.56	1.22	0.39	2.6	1.74	0.5	2.6	1.39	0.35	1.22	2.6	0.42	1.91	2.26	0.39	0.87	1.74	0.39	1.91	0.87	0.35	1.74	1.74	0.31	1.74	1.56	0.39	1.74	1.74	0.46	1.56	1.91	0.19	1.39	2.08	0.5	0.87	1.74	0.27	1.22	1.74	0.5
37	47.34	43.41	51.73	100	0.5	1	1	0	1	4.11	6.17	0.82	3.7	2.88	1.01	5.35	2.06	1.1	6.17	3.29	0.82	2.88	4.11	1.19	4.11	6.17	0.46	5.35	4.53	0.73	4.11	2.88	1.37	4.53	3.7	1.1	4.11	4.11	1.37	3.29	3.29	0.91	4.53	6.17	0.73	3.7	4.11	1.19	2.06	4.94	0.91
38	50.62	40.96	16.91	100	0.5	0	0	1	2	3.85	4.7	0.95	4.28	3.85	0.76	5.13	2.14	1.14	4.7	4.28	0.76	4.28	5.56	1.14	4.28	4.7	0.76	2.14	4.7	1.43	3.42	2.14	0.86	4.7	4.28	0.48	6.41	4.28	0.95	2.99	2.14	0.86	2.14	4.28	0.86	6.41	4.28	1.24	4.7	4.28	0.67
39	43.3	48.96	32.78	100	0.5	0	0	1	1	3.34	5.43	0.65	5.01	4.18	1.21	4.18	6.27	0.93	6.27	4.18	1.11	4.6	5.01	0.74	6.27	5.01	0.65	3.34	3.76	0.65	4.6	3.76	0.74	4.6	2.93	0.93	5.43	5.43	0.93	3.76	2.09	1.02	2.09	3.76	1.21	2.09	3.34	0.65	5.01	5.43	0.65
40	58.75	52.38	17.69	100	0.5	1	1	0	2	4.5	4.05	0.5	4.5	5.85	1	5.4	5.4	1	3.15	4.95	1.5	6.75	3.15	0.8	4.05	3.6	1	5.4	3.15	1.3	4.5	4.5	1	5.85	4.5	1.5	3.15	2.25	1	3.6	3.15	0.8	4.05	6.75	1.5	6.75	3.15	1.1	3.15	3.15	0.5
41	45.06	46.85	11.18	100	0.5	0	0	1	1	0.74	1.77	0.33	1.92	0.74	0.3	1.18	1.33	0.26	0.74	1.48	0.33	0.74	1.48	0.43	1.48	1.18	0.33	1.48	1.63	0.33	1.92	1.48	0.39	2.22	1.33	0.26	1.18	1.77	0.43	2.22	1.04	0.23	1.48	2.22	0.33	1.04	1.48	0.3	1.33	1.18	0.36
42	47.22	39.04	51.54	100	0.5	1	1	0	2	3.32	4.15	1.11	2.9	3.32	0.92	3.32	6.22	0.65	3.32	6.22	0.92	4.98	2.07	0.46	2.07	4.56	1.01	4.56	4.15	1.2	4.15	3.32	1.38	4.15	2.07	0.92	4.15	2.07	0.83	4.98	3.73	1.2	3.73	4.98	0.65	2.07	2.9	0.74	3.73	4.15	0.92
43	47.15	41.19	43.33	100	0.5	1	1	0	1	1.18	1.18	0.26	0.74	1.63	0.39	1.48	1.48	0.36	1.92	0.74	0.36	1.92	1.18	0.36	1.04	1.63	0.16	1.04	1.63	0.26	1.33	1.63	0.36	1.48	1.92	0.33	1.04	1.63	0.33	1.33	1.48	0.23	1.18	2.22	0.3	1.04	1.04	0.39	1.48	1.77	0.33
44	53.87	31.45	57.48	100	0.5	1	1	0	1	0.64	1.93	0.31	1.41	1.67	0.14	1.03	1.41	0.2	1.54	1.29	0.37	1.29	0.9	0.14	1.67	0.9	0.34	0.64	0.9	0.23	1.67	1.67	0.37	1.67	1.03	0.26	1.03	1.29	0.29	1.03	0.64	0.29	1.67	1.54	0.14	1.29	1.93	0.34	0.64	1.29	0.29
45	45.06	46.85	60.85	100	0.5	1	1	0	1	5.09	4.63	0.51	3.24	4.63	1.03	5.55	3.24	1.23	3.24	6.94	0.82	6.02	4.63	0.82	3.7	3.24	0.93	5.09	6.02	0.51	3.7	5.55	1.13	3.7	3.7	0.82	3.7	6.02	0.93	4.63	4.63	1.13	4.63	2.31	1.13	5.09	5.55	0.51	6.94	5.09	1.03
46	54.05	38.85	51.47	100	0.5	1	1	0	1	3.09	1.29	0.74	1.29	1.29	0.69	3.34	2.83	0.4	2.57	2.57	0.57	2.31	2.57	0.74	3.86	1.29	0.69	1.8	2.57	0.69	1.8	2.57	0.57	2.57	1.8	0.69	1.8	3.09	0.57	1.29	3.86	0.63	2.57	2.31	0.46	2.83	2.31	0.51	2.83	1.29	0.86
47	43.67	40.09	58.37	100	0.5	1	1	0	1	5.43	2.09	0.84	3.34	4.18	0.84	5.01	2.93	1.39	4.18	3.34	0.93	4.6	3.76	1.39	4.18	2.09	0.93	5.43	3.34	0.65	5.01	2.93	0.74	2.93	3.76	1.11	4.18	4.18	1.11	4.18	3.34	0.46	3.34	4.18	0.84	5.43	4.6	0.84	4.18	3.76	0.74
48	51.84	43.02	13.73	100	0.5	1	1	0	1	0.95	0.68	0.36	1.35	1.22	0.45	0.68	1.35	0.39	1.76	1.35	0.3	1.22	1.35	0.24	2.03	1.76	0.21	2.03	2.03	0.33	1.62	1.35	0.27	0.68	1.35	0.27	1.62	1.62	0.3	1.22	1.35	0.3	1.22	0.95	0.24	0.68	1.08	0.33	1.35	0.95	0.36
49	53.52	40.01	8	100	0.5	1	1	0	1	6.18	3.81	0.85	5.23	4.76	0.85	3.33	4.28	1.06	3.81	3.33	0.74	5.71	4.76	0.85	5.23	3.33	1.27	5.71	2.38	1.59	5.71	4.76	0.53	5.23	4.28	0.74	3.33	4.76	1.16	5.23	5.71	0.53	3.81	7.14	1.16	3.33	3.33	1.37	6.18	2.38	1.06
50	53.36	43.88	13.23	100	0.5	1	1	0	1	1.97	2.19	0.49	1.97	3.28	0.34	1.53	2.4	0.24	1.53	1.75	0.58	2.19	1.97	0.24	3.28	1.53	0.24	2.19	1.53	0.24	2.62	3.28	0.44	3.28	2.4	0.49	2.4	1.09	0.44	2.4	2.84	0.63	1.75	1.09	0.58	1.09	2.62	0.63	1.75	1.53	0.34
51	50.31	42.04	53.12	100	0.5	1	1	0	1	2.44	2.93	0.54	1.71	1.95	0.27	2.44	2.44	0.54	1.71	3.18	0.38	2.2	1.95	0.43	2.2	1.22	0.27	1.22	2.44	0.27	3.18	2.44	0.54	2.44	2.44	0.43	1.22	2.2	0.65	1.22	1.22	0.6	1.95	2.93	0.43	3.18	1.22	0.81	2.69	2.44	0.6
52	47.83	41.44	45.41	100	0.5	1	1	0	1	1.64	1.64	0.87	3.28	4.92	0.66	3.93	2.95	0.73	3.61	3.61	0.51	2.62	3.61	0.8	3.28	2.62	1.09	4.92	2.95	0.58	3.61	2.62	1.09	1.64	4.26	0.8	3.28	2.62	0.8	3.93	3.28	0.95	2.95	1.64	0.8	3.28	2.62	0.66	1.64	4.92	0.51
53	55.61	45.09	14.26	100	0.5	1	1	1	1	1.19	1.9	0.53	2.38	2.38	0.53	3.09	3.09	0.79	2.62	2.14	0.79	2.62	2.38	0.79	2.14	1.67	0.53	1.67	2.38	0.53	3.57	2.85	0.58	2.62	2.14	0.37	2.85	2.85	0.48	2.38	2.38	0.48	1.67	2.14	0.37	2.62	2.38	0.42	2.38	2.85	0.58
54	49.39	40.7	21.52	100	0.5	1	1	0	1	2.66	4.17	1.26	4.93	1.9	0.59	1.9	4.55	0.76	4.93	4.55	1.1	1.9	3.03	0.42	2.66	5.69	0.59	3.79	4.17	0.42	3.79	2.66	0.84	3.03	2.66	0.84	4.17	4.93	0.84	3.79	4.55	1.1	2.66	3.41	1.01	4.93	3.79	0.76	3.41	1.9	1.1
55	58.01	45.95	4.66	100	0.5	1	1	0	1	2.26	4.24	0.82	2.26	3.68	0.63	2.83	1.98	0.31	2.26	2.55	0.5	3.39	1.41	0.75	1.41	2.55	0.5	2.55	2.83	0.69	2.26	3.39	0.94	3.39	2.83	0.82	1.98	2.26	0.82	2.55	1.41	0.63	3.68	2.55	0.82	4.24	2.55	0.5	1.98	2.55	0.44
56	37.18	37.96	60.84	100	0.5	0	0	1	1	1.98	1.98	0.82	1.98	2.83	0.57	2.26	3.68	0.57	3.39	2.83	0.44	2.55	1.41	0.57	2.26	2.83	0.63	1.98	2.55	0.63	4.24	1.41	0.94	2.55	3.68	0.69	2.83	1.98	0.94	4.24	3.68	0.44	2.83	2.83	0.31	4.24	2.26	0.94	3.39	1.41	0.44
57	35.36	34.6	5.82	100	0.5	0	0	1	1	3.45	6.46	0.96	3.88	6.46	1.05	2.15	5.6	1.15	3.88	3.02	1.05	4.31	5.6	1.05	6.46	3.88	0.86	5.6	3.88	1.44	5.6	4.31	1.15	3.45	5.6	0.77	5.17	3.88	0.48	5.17	4.31	0.77	6.46	4.31	0.96	4.74	4.74	0.77	4.31	5.17	1.15
58	51.12	43.51	58.18	100	0.5	1	1	1	1	1.22	1.22	0.54	2.44	3.18	0.81	1.22	1.95	0.38	2.93	1.95	0.54	2.2	3.18	0.43	2.44	2.44	0.54	3.66	3.18	0.38	3.66	1.22	0.54	3.66	2.93	0.81	1.71	2.2	0.38	1.95	2.44	0.54	2.93	3.66	0.43	2.69	2.2	0.27	3.66	1.95	0.43
59	47.91	41.81	21.4	100	0.5	0	0	1	6	3.64	5.2	1.5	4.68	6.76	0.81	5.72	7.79	0.58	5.2	4.68	1.15	7.79	3.64	0.92	7.79	2.6	1.5	4.68	7.79	1.15	5.2	2.6	1.15	7.79	5.72	0.81	2.6	2.6	0.92	3.64	5.2	1.39	6.76	2.6	1.39	4.16	6.24	1.15	3.64	5.72	1.5
60	43.35	43.29	53.69	100	0.5	0	0	1	3	4.24	2.83	0.82	2.26	1.41	0.5	2.55	1.41	0.5	2.55	1.41	0.5	2.83	2.26	0.75	3.39	1.41	0.44	2.55	1.41	0.69	3.11	2.83	0.82	2.55	3.39	0.82	2.83	4.24	0.69	2.83	3.39	0.63	4.24	2.83	0.63	2.26	1.41	0.31	2.83	1.41	0.69
61	52.37	39.8	11	100	0.5	1	1	0	1	1.91	2.12	0.47	2.12	1.7	0.57	1.06	1.7	0.61	2.12	2.12	0.57	1.49	1.06	0.47	2.12	2.33	0.24	2.33	2.33	0.61	3.18	1.7	0.61	2.76	3.18	0.71	2.33	2.12	0.47	3.18	2.55	0.47	2.33	3.18	0.38	2.76	3.18	0.57	2.12	1.7	0.33
62	47.77	41.92	56.41	100	0.5	1	1	0	1	3.39	1.41	0.63	1.41	2.26	0.82	1.98	1.41	0.63	2.83	3.11	0.69	3.68	3.68	0.94	1.41	3.39	0.94	2.83	4.24	0.57	2.83	2.83	0.82	3.11	2.55	0.5	2.83	1.41	0.75	3.11	3.68	0.57	2.83	2.55	0.63	2.83	2.26	0.57	4.24	3.39	0.5
63	37.64	49.19	17.09	100	0.5	1	1	0	1	3.15	3.15	0.7	3.78	1.58	0.7	3.15	2.52	0.84	3.47	3.47	0.7	3.15	2.52	0.84	3.47	1.58	0.77	3.15	3.78	0.91	2.21	3.15	0.84	2.84	3.15	0.77	2.21	4.73	0.56	2.84	2.84	0.91	4.1	2.84	0.7	3.78	4.73	0.91	3.15	3.78	0.7
64	59.13	38.29	34.07	100	0.5	1	1	1	1	2.16	1.89	0.78	2.7	2.7	0.9	4.05	2.43	0.72	2.7	2.43	0.6	3.24	2.7	0.6	3.51	2.7	0.54	2.7	1.35	0.48	3.51	2.16	0.42	1.89	2.43	0.6	2.16	3.51	0.6	3.24	2.97	0.78	4.05	3.24	0.54	2.7	1.89	0.72	2.7	1.35	0.48
65	49.21	41.1	21.86	100	0.5	1	1	0	1	1.8	3.6	0.88	2.88	5.4	1.2	4.68	2.52	0.8	4.68	2.88	0.8	3.24	3.6	0.8	3.6	2.88	1.04	3.6	1.8	0.8	4.32	5.4	0.64	3.6	3.24	1.04	3.96	3.24	1.04	5.4	3.24	1.2	1.8	4.32	0.96	3.24	4.68	0.4	4.68	4.32	0.4
66	56.85	35.61	2.1	100	0.5	1	1	0	1	1.49	0.93	0.5	2.05	2.05	0.41	1.86	2.24	0.29	1.31	2.05	0.54	1.31	2.05	0.41	2.8	0.93	0.41	1.68	2.8	0.33	2.24	2.24	0.21	1.31	1.86	0.29	1.86	1.49	0.41	2.24	2.05	0.62	2.8	2.24	0.54	2.24	0.93	0.29	2.24	0.93	0.21
67	42.86	27.62	51.84	100	0.5	1	1	0	1	1.86	0.93	0.46	2.05	2.24	0.41	0.93	1.86	0.41	1.86	0.93	0.41	1.86	0.93	0.41	1.86	1.68	0.5	2.24	1.86	0.29	1.31	2.05	0.62	2.8	2.24	0.21	1.31	1.68	0.62	2.24	0.93	0.21	1.68	2.42	0.62	2.24	2.8	0.41	1.86	1.49	0.46
68	54.16	45.6	21.8	100	0.5	0	0	1	1	1.26	2.7	0.48	1.8	1.26	0.44	0.9	1.62	0.6	0.9	2.16	0.52	1.8	1.26	0.4	1.8	1.8	0.52	1.26	0.9	0.2	0.9	1.26	0.28	1.26	2.7	0.36	2.7	1.26	0.6	1.98	0.9	0.44	1.8	2.34	0.4	1.26	2.7	0.6	1.8	2.16	0.44
69	52.9	36.3	9.64	100	0.5	0	0	1	1	2.12	4.24	0.94	2.97	2.97	0.85	4.24	4.67	1.04	6.36	5.52	0.75	4.24	4.24	0.94	4.24	4.67	0.94	2.97	3.82	1.04	2.12	5.52	0.85	4.24	6.36	0.94	2.97	6.36	1.23	5.52	2.12	1.23	3.39	4.67	1.41	3.82	2.97	0.94	3.82	2.97	0.94
70	47.1	40.21	11.82	100	0.5	0	0	1	1	2.03	2.03	0.25	2.7	3.38	0.35	3.38	2.7	0.5	2.93	2.03	0.6	1.8	2.48	0.6	1.13	2.25	0.65	1.13	2.03	0.6	2.93	2.25	0.75	2.7	3.38	0.55	2.93	2.7	0.45	1.8	2.25	0.75	2.7	3.38	0.75	1.8	1.58	0.4	2.7	2.25	0.75
71	53.11	39.6	62.53	100	0.5	1	1	0	1	2.09	1.13	0.18	1.77	1.45	0.29	2.41	1.61	0.32	2.09	1.29	0.18	2.09	0.8	0.43	1.61	2.41	0.36	0.8	1.77	0.36	2.41	1.77	0.54	1.29	1.45	0.18	1.61	2.41	0.46	1.45	2.41	0.36	1.13	2.41	0.46	2.09	2.09	0.39	1.93	1.93	0.25
72	52.47	43.6	61.46	100	0.5	1	1	0	1	2.8	1.31	0.54	2.05	1.31	0.5	1.86	1.86	0.33	1.86	2.8	0.37	1.31	2.8	0.54	2.42	1.49	0.29	2.8	2.42	0.54	0.93	1.86	0.46	2.24	1.86	0.5	1.68	2.05	0.21	2.42	1.31	0.62	1.86	2.42	0.5	2.42	1.86	0.41	1.86	0.93	0.41
73	56.78	43.64	51.91	100	0.5	0	0	1	2	4.21	4.97	1.11	3.83	3.83	1.28	3.83	5.74	0.6	3.06	4.59	0.68	2.68	3.83	0.85	4.97	4.59	0.94	3.83	3.83	0.94	4.21	1.91	0.85	5.74	3.06	1.11	3.83	3.83	0.68	5.74	3.06	1.11	4.59	3.83	0.6	2.68	3.44	1.28	5.74	3.83	0.85
74	53.07	33.3	43.42	100	0.5	1	1	0	1	1.62	1.35	0.45	1.49	1.76	0.33	0.95	1.76	0.3	0.68	1.76	0.27	1.08	1.62	0.21	2.03	1.62	0.3	1.08	1.35	0.45	1.35	0.68	0.45	1.76	0.95	0.3	1.22	1.35	0.36	1.49	1.08	0.24	1.35	1.22	0.15	1.49	1.22	0.3	0.68	2.03	0.45
75	47.75	35.09	45.78	100	0.5	0	0	1	2	3.57	5.36	1.49	2.23	5.36	0.99	5.36	3.57	0.89	5.36	3.13	0.7	3.13	4.91	1.09	3.57	6.7	0.79	4.47	3.57	0.79	4.91	4.47	0.5	2.23	3.13	0.5	4.47	6.7	1.29	4.02	3.13	0.5	5.81	4.02	0.99	3.57	5.81	1.09	6.7	4.02	0.79
76	36.85	0	48.45	100	0.5	1	1	0	1	0	0	0	0	0	0	0	0	0	0	0	0	0	0	0	0	0	0	0	0	0	0	0	0	0	0	0	0	0	0	0	0	0	0	0	0	0	0	0	0	0	0
77	53.06	33.34	21.18	100	0.5	0	0	1	2	1.53	1.75	0.44	3.28	2.84	0.24	1.09	2.62	0.63	2.84	1.97	0.58	2.19	1.09	0.53	3.28	1.97	0.24	3.28	1.97	0.49	2.84	2.84	0.53	1.53	2.19	0.49	1.53	1.09	0.63	2.19	3.28	0.24	2.4	1.53	0.63	2.84	1.53	0.63	1.53	3.28	0.63
78	44.16	42.23	23.02	100	0.5	1	1	0	1	6.08	5.53	0.86	6.08	7.19	0.61	2.76	7.19	1.6	6.63	8.29	0.98	6.08	4.42	1.23	4.42	2.76	1.11	4.98	4.98	0.86	5.53	7.19	1.47	7.19	3.87	0.86	4.98	5.53	1.35	7.19	4.98	1.23	5.53	6.63	0.86	3.87	7.19	1.23	6.63	5.53	1.35
79	56.94	46.95	50.47	100	0.5	1	1	0	1	3.55	3.55	0.33	2.96	2.37	0.99	2.37	3.25	0.85	2.66	2.66	0.66	3.84	1.48	0.66	2.37	2.96	0.53	2.96	3.84	0.59	3.55	1.48	0.33	1.48	2.96	0.46	3.25	2.96	0.72	2.96	3.84	0.46	1.48	3.84	0.66	3.55	2.37	0.53	2.07	4.44	0.59
80	56.02	45.13	15.85	100	0.5	1	1	1	2	2.96	2.59	0.74	5.54	5.54	0.58	3.33	2.96	0.9	4.44	3.33	1.07	1.85	4.07	0.74	2.96	3.7	0.99	5.54	2.96	0.66	5.54	2.59	1.07	3.7	3.7	0.66	2.59	4.07	0.41	1.85	1.85	0.99	4.44	5.54	0.58	5.54	4.81	1.23	5.54	3.7	0.66
81	41.46	23.88	20.03	100	0.5	0	0	1	1	4.82	2.57	0.79	2.57	2.25	0.36	1.61	3.21	0.71	4.82	2.57	0.71	4.82	2.25	0.79	2.89	3.21	0.5	4.18	4.18	1.07	3.86	1.61	0.71	3.54	2.89	0.93	3.54	3.21	0.36	2.89	3.54	0.93	2.89	3.21	0.57	2.89	3.54	0.93	4.82	4.18	0.36
82	53.16	27.41	35.9	100	0.5	1	1	0	1	4.73	4.73	0.63	3.47	2.52	0.63	3.15	3.15	0.49	2.52	3.47	0.7	3.15	3.15	0.77	1.58	3.78	0.63	4.1	3.47	0.77	2.21	2.21	1.05	2.52	2.52	0.35	4.1	3.15	0.77	2.21	3.47	0.35	2.52	1.58	0.77	4.1	3.47	0.7	3.15	3.15	0.35
83	37.08	38.13	40.69	100	0.5	1	1	0	1	2.76	2.76	0.61	3.59	2.21	0.43	4.15	3.59	0.61	4.15	3.32	0.43	2.21	2.21	0.55	1.38	2.76	0.92	4.15	3.04	0.31	2.76	2.49	0.61	1.38	2.76	0.31	1.94	3.04	0.49	3.59	3.59	0.55	2.76	4.15	0.31	2.21	2.76	0.8	2.49	3.32	0.31
84	57.24	41.64	18.71	100	0.5	1	1	1	2	2.6	2.08	0.46	2.34	3.12	0.87	1.3	1.3	0.46	3.91	2.6	0.87	2.08	2.34	0.75	1.3	2.86	0.75	2.6	3.12	0.52	3.12	3.38	0.69	1.3	2.6	0.29	2.08	2.6	0.58	2.6	3.12	0.69	3.12	2.34	0.58	2.86	2.6	0.58	2.6	2.6	0.58
85	56.04	47.84	23.33	100	0.5	1	1	0	1	1.16	3.01	0.41	1.62	1.85	0.36	2.55	3.01	0.62	2.31	2.55	0.26	3.01	2.55	0.46	2.55	1.62	0.67	3.01	1.85	0.62	2.08	2.31	0.77	1.85	2.31	0.36	2.31	2.31	0.51	1.62	2.78	0.51	1.62	1.16	0.77	2.78	2.78	0.67	2.08	1.62	0.41
86	47.9	41.15	34.43	100	0.5	1	1	0	1	1.8	2.93	0.45	1.13	3.38	0.35	2.03	1.58	0.25	2.03	2.48	0.6	2.93	3.38	0.25	2.03	1.58	0.6	2.25	1.8	0.65	1.13	2.25	0.25	3.38	1.8	0.55	3.38	1.8	0.5	2.7	2.48	0.4	2.48	1.13	0.65	1.8	1.8	0.6	2.25	2.7	0.4
87	54.94	31.92	24.11	100	0.5	1	1	0	1	2.78	2.31	0.26	3.47	1.62	0.62	2.08	2.31	0.36	1.85	3.01	0.36	2.31	2.55	0.57	1.16	3.01	0.41	3.47	2.31	0.67	2.08	2.08	0.36	3.01	2.31	0.62	2.31	2.31	0.41	1.62	2.78	0.36	2.31	3.47	0.57	2.55	2.31	0.51	2.31	1.16	0.57
88	39.94	49.51	34.86	100	0.5	0	0	1	1	1.7	1.84	0.35	1.7	1.56	0.31	1.27	1.41	0.31	1.41	1.27	0.31	0.71	1.13	0.25	1.13	2.12	0.16	2.12	1.41	0.25	1.84	1.41	0.31	1.56	0.71	0.35	0.99	1.7	0.38	1.56	0.99	0.16	1.41	1.41	0.31	1.41	1.7	0.31	0.71	0.71	0.31
89	30.27	34.59	17	100	0.5	1	1	0	2	5.08	5.59	1.47	6.09	3.56	0.79	6.09	6.09	1.02	6.09	5.08	0.79	4.57	6.09	1.13	5.08	2.54	1.02	2.54	5.59	1.47	5.08	5.08	0.9	5.08	7.62	1.02	4.06	7.62	1.24	4.57	6.6	1.35	7.62	4.06	1.02	5.08	5.08	1.24	4.06	3.56	1.47
90	47.72	41.34	6.96	100	0.5	1	1	0	1	1.8	1.98	0.4	2.34	1.98	0.4	2.16	1.62	0.36	1.62	1.44	0.32	1.8	2.7	0.44	1.26	1.62	0.6	1.62	1.8	0.2	2.7	1.26	0.2	1.26	2.16	0.36	2.7	1.62	0.44	1.98	1.8	0.4	2.34	1.44	0.48	2.7	2.16	0.6	2.34	2.16	0.2
91	48.12	39.23	17.74	100	0.5	1	1	0	1	3.6	3.6	0.8	4.68	4.68	0.8	3.6	1.8	0.8	2.52	1.8	0.8	1.8	5.4	0.4	3.96	3.24	1.04	4.68	3.6	0.72	3.24	3.24	0.8	3.96	3.6	0.56	3.96	2.52	0.64	5.4	4.68	0.96	1.8	2.52	0.64	1.8	5.4	0.88	3.6	2.88	0.8
92	53.81	22.71	26.63	100	0.5	0	0	1	2	4.84	3.08	1.27	4.4	2.2	0.88	3.52	4.84	0.78	3.52	2.2	0.98	3.52	4.84	0.69	2.2	3.96	1.27	4.4	4.84	0.88	4.84	4.4	1.47	3.52	6.61	1.08	5.72	3.52	0.88	3.52	5.28	1.08	3.96	6.61	0.49	5.72	3.08	0.78	3.96	3.52	0.98
93	53.06	33.34	29.42	100	0.5	0	0	1	3	2.35	7.04	1.25	4.69	3.75	1.04	4.69	7.04	1.25	5.16	7.04	0.52	3.29	2.35	0.73	5.16	5.63	1.15	2.35	3.75	0.94	4.69	5.63	1.15	5.63	7.04	1.04	4.69	7.04	1.04	6.1	3.75	1.36	5.16	7.04	0.83	3.75	4.69	1.56	4.22	7.04	1.56
94	56.89	26.25	44.17	100	0.5	1	1	1	1	3.25	2.66	0.33	3.55	1.48	0.99	2.66	2.07	0.46	1.48	1.48	0.33	1.48	2.37	0.53	2.07	3.25	0.79	3.84	2.07	0.66	2.07	2.96	0.99	2.07	2.66	0.66	2.07	2.66	0.99	3.55	2.66	0.99	2.96	3.84	0.85	3.84	4.44	0.85	3.25	2.66	0.85
95	47.91	41.81	1.07	100	0.5	1	1	0	1	2.12	1.54	0.51	1.74	1.35	0.43	1.35	2.12	0.64	2.89	1.54	0.51	1.93	1.93	0.56	0.96	1.93	0.51	1.93	1.35	0.56	2.31	2.89	0.56	2.31	2.12	0.39	2.31	1.54	0.51	1.74	2.89	0.21	1.93	1.93	0.39	1.93	2.12	0.43	1.54	1.93	0.56
96	48.09	41.6	53.46	100	0.5	0	0	1	2	6.65	4.23	1.61	7.86	6.04	1.61	9.06	9.06	1.21	3.02	3.02	1.21	4.23	7.25	0.67	3.02	3.02	2.01	6.04	6.04	1.61	7.86	4.83	1.07	7.25	9.06	1.34	7.25	7.86	1.75	7.25	6.65	0.67	7.86	4.83	1.61	5.44	5.44	1.75	6.04	6.04	1.48
97	47.25	34.61	57.8	100	0.5	1	1	0	1	4.6	3.54	0.71	4.24	3.18	0.63	5.3	4.24	0.79	3.89	3.18	0.79	4.24	5.3	0.79	3.54	5.3	0.86	2.48	5.3	1.18	4.24	3.54	0.86	1.77	3.54	0.71	5.3	5.3	0.55	2.48	3.54	0.55	2.83	4.24	0.94	5.3	3.54	0.79	3.54	2.48	0.63
98	45.87	49.07	6.18	100	0.5	1	1	0	1	3.24	4.05	0.63	3.24	6.08	0.72	2.84	4.86	1.35	3.65	4.05	0.99	4.05	2.84	0.9	5.27	4.05	1.35	4.86	5.27	0.99	4.46	3.65	1.17	5.27	2.84	1.08	4.86	4.05	0.9	3.65	3.65	0.45	2.84	4.05	0.99	4.86	3.65	1.17	4.05	2.03	0.9
99	47.53	35.58	10.91	100	0.5	1	1	0	1	2.89	2.03	0.71	3.18	2.6	0.32	4.34	4.34	0.77	2.89	3.76	0.58	3.47	2.6	0.51	2.89	2.89	0.96	2.89	2.03	0.64	3.76	3.76	0.64	2.89	1.45	0.64	2.89	2.89	0.32	3.47	2.03	0.84	2.89	2.89	0.51	2.89	3.18	0.64	2.31	2.6	0.84
100	61.41	49.24	38.73	100	0.5	1	1	0	1	1.86	3.73	0.41	4.47	4.47	0.58	4.85	2.98	0.91	4.47	5.59	1.24	3.73	1.86	1.24	4.47	4.1	0.83	4.85	4.47	0.66	5.59	2.61	0.66	2.98	4.1	0.99	4.47	3.36	0.41	2.61	3.73	1.24	3.36	3.36	0.83	4.1	2.98	0.66	4.47	2.98	0.66
