100	42	300	30	2																																															
20	10	4	240	6																																															
40	65																																																		
0	47.82	38.55	5000	0	0																																														
1	54.79	40.7	22.89	100	0.5	1	1	1	1	3.01	3.01	0.52	3.34	4.35	0.74	1.67	2.34	0.37	5.01	3.34	0.97	3.34	2.67	0.67	1.67	2.34	1.11	4.35	4.01	0.67	3.01	4.01	0.52	2.34	3.34	0.89	4.35	3.68	0.97	4.35	2.34	0.97	3.01	3.34	0.59	4.35	2.34	0.82	2.34	5.01	0.74
2	45.9	41.11	57.27	100	0.5	0	0	1	5	7.93	4.76	1.29	5.28	6.34	1.53	5.28	5.28	1.76	5.81	3.7	0.82	5.81	5.81	0.94	4.23	4.76	0.94	4.23	4.23	1.06	2.64	5.28	1.29	5.28	4.23	0.82	6.87	5.28	1.06	6.34	6.87	1.06	4.76	5.81	1.41	4.76	5.28	0.94	5.81	2.64	1.29
3	50.35	38.62	12.92	100	0.5	1	1	0	1	0.95	1.35	0.3	1.08	0.68	0.15	0.95	0.95	0.21	1.08	1.35	0.3	0.68	1.35	0.39	1.62	1.76	0.21	1.22	1.22	0.45	1.08	1.35	0.39	1.49	1.35	0.45	0.68	1.35	0.39	1.49	1.76	0.21	1.35	1.35	0.21	1.76	1.08	0.27	0.68	0.95	0.15
4	48.05	40.66	4.2	100	0.5	1	1	1	1	1.93	1.45	0.25	1.29	1.61	0.25	2.09	1.61	0.36	1.93	2.41	0.32	1.13	2.41	0.43	1.29	2.09	0.18	1.61	1.45	0.36	0.8	0.8	0.32	1.61	1.45	0.43	1.29	2.09	0.46	1.45	2.09	0.43	1.45	1.61	0.18	1.29	1.61	0.29	1.13	2.41	0.32
5	46.5	46.9	53.85	100	0.5	1	1	1	1	9.06	4.23	1.21	7.86	6.04	1.21	6.04	6.04	1.34	6.65	6.65	1.48	6.04	6.04	0.94	9.06	7.86	0.94	6.65	4.23	0.94	4.23	7.86	1.48	3.02	9.06	0.94	6.04	4.83	1.21	9.06	6.65	1.61	7.86	5.44	1.61	9.06	6.04	1.75	6.04	5.44	1.61
6	42.86	27.62	1.32	100	0.5	0	0	1	5	2.39	3.75	0.38	4.43	2.39	0.68	3.41	2.39	0.61	4.09	4.43	0.61	3.07	3.07	0.53	3.75	4.09	1.14	3.41	4.09	0.76	3.41	3.41	0.91	4.43	2.73	0.53	2.39	4.09	1.14	3.41	2.73	0.76	5.11	3.07	0.91	2.73	3.75	0.38	5.11	3.41	0.61
7	35.41	32.36	55.57	100	0.5	1	1	0	1	3.89	1.77	1.02	4.24	3.89	0.63	3.18	3.18	1.18	3.54	1.77	0.55	3.89	3.89	0.71	3.54	3.18	0.55	3.54	2.48	0.55	4.6	2.83	0.79	2.48	3.89	0.94	2.48	1.77	1.18	1.77	3.54	1.02	3.18	2.48	0.71	1.77	1.77	0.71	4.24	3.18	0.86
8	51.91	40.92	6.94	100	0.5	1	1	0	1	2.89	2.89	0.34	0.96	2.12	0.34	1.74	1.54	0.56	1.93	2.89	0.39	1.93	1.35	0.47	1.35	1.54	0.3	1.74	0.96	0.34	2.12	2.89	0.47	1.93	1.54	0.51	1.93	1.74	0.47	2.12	0.96	0.43	1.54	1.74	0.64	1.93	1.35	0.47	1.54	1.93	0.51
9	49.71	40.72	40.86	100	0.5	0	0	1	1	3.02	1.51	0.34	3.93	4.53	1.01	3.32	4.53	0.81	3.32	3.32	0.74	3.63	2.72	0.34	2.42	2.72	0.47	1.51	4.53	0.67	2.12	3.02	0.74	3.32	3.93	0.81	1.51	4.53	0.67	3.02	3.02	1.01	3.93	4.53	0.87	3.02	3.93	0.6	3.32	3.02	0.67
10	56.52	42.85	57.66	100	0.5	1	1	1	1	6.75	2.25	0.8	6.75	4.05	0.8	4.05	3.6	1	4.5	3.6	0.5	4.95	4.05	1.1	2.25	4.05	0.9	3.6	4.95	1.3	4.05	4.95	1.2	5.4	4.5	0.5	4.5	2.25	1.2	4.95	6.75	1	3.6	4.05	0.9	4.05	3.6	0.9	5.4	4.5	0.7
11	56.03	45.09	10.31	100	0.5	1	1	0	1	5.4	2.25	0.5	6.75	4.95	1.1	4.5	3.6	1.2	4.5	3.6	0.9	4.5	4.5	1.5	2.25	5.85	1	4.5	5.4	0.7	4.5	6.75	1.3	3.6	4.05	1.1	5.85	5.4	1.3	4.05	4.95	0.7	3.15	2.25	0.7	4.05	5.85	1	4.95	4.5	0.5
12	55.54	41.37	18.45	100	0.5	1	1	0	1	2.01	2.76	0.56	3.01	3.76	0.39	1.25	2.26	0.56	2.76	2.51	0.56	3.01	2.76	0.67	2.01	2.76	0.67	2.26	3.26	0.56	2.01	2.26	0.5	2.51	3.26	0.56	1.25	2.51	0.39	2.51	1.25	0.28	3.26	3.76	0.61	1.25	1.76	0.61	2.26	2.51	0.45
13	52.9	43.6	4.54	100	0.5	1	1	0	1	4.05	3.65	1.17	4.05	3.65	0.81	3.65	2.84	0.45	4.05	4.46	1.17	4.46	2.84	1.35	3.24	4.86	0.81	3.65	3.65	1.35	4.05	3.24	0.72	3.65	4.46	0.9	6.08	2.03	0.63	4.46	4.46	0.9	2.84	2.03	0.63	3.24	3.65	0.9	4.05	4.46	0.9
14	52.02	42.21	13.78	100	0.5	0	0	1	6	2.49	7.48	0.55	4.99	7.48	0.78	3.49	4.99	1.44	2.49	4.99	0.89	5.98	6.48	1.33	4.99	4.99	0.78	2.49	5.49	0.78	4.49	4.99	1	3.49	4.49	1.11	6.48	4.99	0.55	3.49	4.99	0.55	4.99	5.98	1.11	7.48	7.48	0.55	5.98	4.99	0.55
15	54.73	27.53	16.81	100	0.5	0	0	1	3	2.19	1.56	0.49	3.13	3.44	0.7	4.07	3.75	0.76	4.07	3.13	0.76	2.82	2.19	0.7	4.07	4.69	0.7	2.19	4.07	1.04	4.69	4.07	0.83	3.13	3.13	0.76	3.44	3.44	0.9	4.07	3.75	0.56	3.75	1.56	0.9	1.56	4.07	0.9	1.56	4.07	0.76
16	54.94	31.92	6.6	100	0.5	1	1	0	2	1.1	1.58	0.42	2.36	1.89	0.42	1.42	1.89	0.18	2.05	1.73	0.28	1.1	2.36	0.32	1.89	1.26	0.35	1.26	1.26	0.46	1.58	1.26	0.25	1.73	1.89	0.35	1.1	1.58	0.42	2.05	1.58	0.39	1.26	1.89	0.46	1.58	1.73	0.25	1.89	1.89	0.25
17	53.73	42.95	35.62	100	0.5	0	0	1	6	6.96	6.96	0.72	4.17	5.57	0.72	5.1	4.17	0.93	5.1	6.96	1.24	6.96	5.1	0.72	6.03	6.96	0.93	4.64	4.64	0.93	6.03	4.17	1.34	5.57	3.71	1.13	4.64	4.64	0.52	6.03	3.25	1.24	4.64	3.71	0.93	3.71	2.32	1.34	3.25	2.32	0.72
18	35.66	34.52	37.36	100	0.5	1	1	0	2	2.66	2.37	0.66	2.07	3.84	0.53	3.84	1.48	0.53	2.96	3.25	0.79	2.07	4.44	0.66	2.66	3.84	0.53	2.07	2.07	0.99	3.55	2.37	0.53	2.66	4.44	0.66	4.44	2.07	0.33	2.96	2.37	0.59	2.96	2.37	0.72	3.25	3.25	0.66	4.44	2.96	0.99
19	44.58	65.53	37.25	100	0.5	1	1	1	1	1.35	1.08	0.45	2.03	1.76	0.45	1.62	1.08	0.36	1.76	1.35	0.24	1.08	2.03	0.3	1.35	1.76	0.33	1.22	1.62	0.33	1.08	2.03	0.3	2.03	1.49	0.21	0.68	1.62	0.3	1.08	1.35	0.27	1.08	1.22	0.24	0.95	1.49	0.3	2.03	2.03	0.24
20	54.65	45.77	18.77	100	0.5	1	1	0	1	1.49	2.03	0.39	1.22	1.08	0.15	1.08	1.62	0.45	1.35	1.22	0.21	1.76	1.35	0.3	1.22	1.35	0.15	1.76	1.76	0.45	2.03	1.62	0.24	1.22	1.35	0.24	1.22	1.62	0.21	1.62	1.76	0.15	1.22	1.62	0.33	2.03	1.35	0.45	1.76	0.68	0.24
21	47.74	39.28	27.85	100	0.5	0	0	1	1	5.52	5.52	0.56	6.02	2.51	1.45	7.52	6.02	1.11	4.51	5.01	1.23	5.52	5.01	1.34	5.01	3.51	1.11	5.01	6.02	1.11	5.52	6.02	1.11	6.52	2.51	1.67	2.51	5.01	1.23	3.51	4.01	1.67	4.51	4.01	1.45	3.51	7.52	1.11	5.01	5.01	0.89
22	47.33	41.04	6.41	100	0.5	1	1	1	2	6.06	5.05	1.23	6.56	4.04	1.68	5.05	6.56	1.35	4.54	6.06	1.35	6.06	3.53	1.01	5.55	5.55	1.01	6.56	4.04	1.12	7.57	2.52	1.46	3.53	6.06	0.56	6.56	5.55	0.56	5.05	6.56	1.12	2.52	2.52	1.23	3.53	3.53	0.56	2.52	5.05	1.23
23	55.68	44.51	51.62	100	0.5	1	1	0	1	1.93	1.93	0.43	2.12	2.89	0.3	1.74	0.96	0.51	2.51	0.96	0.34	1.54	1.54	0.56	2.12	1.74	0.47	2.31	2.89	0.43	1.74	1.74	0.56	2.51	1.74	0.3	2.89	1.35	0.56	1.35	2.89	0.34	1.93	2.31	0.56	1.74	2.31	0.47	1.35	1.35	0.43
24	46.69	38.5	14.11	100	0.5	0	0	1	2	4.35	2.67	0.52	5.01	3.68	0.37	4.35	5.01	0.52	3.68	3.68	0.52	3.01	3.34	0.37	2.34	3.34	0.52	5.01	2.34	0.67	3.34	3.34	1.11	5.01	3.01	0.52	2.34	2.34	0.74	1.67	4.01	0.74	2.34	5.01	0.74	3.34	1.67	0.82	3.68	2.67	0.74
25	60.33	47.89	42.57	100	0.5	1	1	0	1	1.98	1.98	0.63	4.24	4.24	0.94	2.55	1.98	0.82	2.83	3.68	0.5	3.68	1.98	0.94	3.39	2.83	0.63	1.98	3.11	0.94	3.39	1.98	0.75	1.98	3.68	0.31	2.83	2.55	0.57	3.39	2.83	0.82	2.83	3.68	0.63	4.24	3.68	0.94	1.41	3.68	0.75
26	52.9	36.3	64.35	100	0.5	1	1	0	1	1.03	1.54	0.43	1.29	1.54	0.2	1.16	0.64	0.29	1.29	0.64	0.29	1.41	1.16	0.34	1.29	1.93	0.26	1.41	1.67	0.23	1.29	1.54	0.37	1.03	0.9	0.26	1.67	1.41	0.2	1.93	1.03	0.29	1.03	1.67	0.31	0.64	0.9	0.29	1.54	1.29	0.14
27	47.91	41.81	50.18	100	0.5	0	0	1	3	4.63	5.66	1.49	7.71	6.17	1.71	5.14	4.63	1.37	5.14	4.63	0.57	4.11	7.71	0.57	4.11	6.69	1.03	7.71	6.17	1.14	2.57	3.6	0.57	6.17	4.11	1.49	6.17	7.71	0.91	3.6	5.14	1.03	5.14	2.57	0.57	2.57	5.14	1.37	6.69	4.11	1.14
28	48.92	43.15	7.67	100	0.5	1	1	1	1	4.1	1.58	0.35	2.84	2.21	0.91	2.52	2.52	0.77	2.84	1.58	0.91	4.73	2.52	0.77	2.84	2.84	0.91	1.58	4.1	0.7	3.15	3.15	0.84	1.58	2.21	0.77	4.73	4.1	0.56	3.15	2.84	0.56	3.47	3.15	0.35	3.15	3.78	0.91	4.1	3.78	0.35
29	49	41.34	50.7	100	0.5	1	1	1	1	5.09	6.36	0.94	3.82	5.52	1.04	2.12	3.82	0.47	6.36	4.24	0.66	3.82	3.82	0.94	5.52	6.36	0.66	3.82	2.97	0.75	5.52	3.39	0.85	2.12	6.36	1.23	2.97	5.52	1.13	3.82	3.39	1.41	2.12	2.97	0.94	4.67	4.24	1.41	5.52	4.24	0.47
30	51.52	43.01	4.14	100	0.5	1	1	0	1	2.22	1.92	0.26	1.04	1.77	0.16	1.77	1.48	0.49	2.22	1.48	0.39	1.48	1.04	0.36	1.18	1.48	0.39	0.74	1.04	0.49	1.48	1.77	0.43	1.92	1.33	0.39	1.92	1.92	0.3	1.77	2.22	0.49	1.04	2.22	0.23	2.22	1.48	0.36	0.74	1.04	0.16
31	55.79	22.05	26.64	100	0.5	0	0	1	1	1.62	1.62	0.4	1.26	1.44	0.6	2.34	1.44	0.6	1.98	2.16	0.32	0.9	2.16	0.32	1.8	2.16	0.36	1.8	2.7	0.32	1.8	1.98	0.4	2.34	1.98	0.28	1.98	1.62	0.44	1.8	1.62	0.6	2.16	1.98	0.36	1.62	2.34	0.4	2.16	1.26	0.4
32	48.3	40.45	47.85	100	0.5	0	0	1	1	4.95	2.48	1.1	3.96	5.94	1.1	4.95	3.47	1.65	3.96	6.44	0.99	4.95	4.46	1.32	5.45	7.43	0.88	4.95	6.44	1.65	4.95	2.48	1.32	3.96	6.44	0.99	5.45	3.47	1.1	3.47	5.94	0.55	7.43	5.45	1.43	5.45	3.47	0.88	4.95	3.96	1.43
33	36.7	35.17	38.39	100	0.5	0	0	1	1	2.83	5.09	1.89	7.35	2.83	1.01	6.22	6.22	1.01	2.83	5.66	1.01	6.22	4.53	1.51	5.66	6.79	0.88	8.49	6.79	1.51	5.09	8.49	1.89	5.09	2.83	1.01	2.83	5.09	1.51	8.49	8.49	1.51	4.53	4.53	0.63	5.66	3.96	1.26	2.83	5.66	1.89
34	38.61	35.52	39.61	100	0.5	1	1	0	1	2.12	0.96	0.43	2.31	1.74	0.21	1.35	0.96	0.64	1.54	1.35	0.34	1.54	1.35	0.39	1.35	2.31	0.56	1.35	2.31	0.34	2.51	0.96	0.64	1.35	1.74	0.34	0.96	1.74	0.3	2.51	2.51	0.47	2.31	1.74	0.47	2.31	2.31	0.43	2.51	1.35	0.64
35	47.76	42.01	59.29	100	0.5	0	0	1	5	4.36	2.18	0.77	3.92	3.49	0.48	3.49	2.18	0.97	4.79	5.23	0.68	3.05	5.67	0.97	4.36	3.92	1.16	5.23	5.67	1.16	3.92	4.36	1.45	3.92	6.54	1.26	4.36	3.49	0.97	2.18	4.36	1.45	5.23	6.54	1.16	4.36	6.54	0.68	4.36	2.18	1.16
36	56.45	43	61.93	100	0.5	1	1	0	1	1.22	1.74	0.27	2.6	1.74	0.42	1.22	0.87	0.19	1.91	2.08	0.42	1.56	2.26	0.39	0.87	1.91	0.35	2.6	1.39	0.58	1.74	2.08	0.42	2.08	1.22	0.39	2.08	1.39	0.5	1.91	2.6	0.31	1.74	1.56	0.5	2.26	0.87	0.5	2.08	0.87	0.46
37	47.34	43.41	35.64	100	0.5	1	1	0	1	5.35	5.35	0.91	5.35	6.17	0.91	4.53	3.29	0.91	4.11	4.94	0.64	5.35	3.7	0.64	5.35	4.94	1.19	3.7	2.06	0.91	4.94	2.88	0.91	2.88	2.88	0.91	2.88	2.06	0.73	5.35	2.88	0.64	3.29	4.94	0.91	4.11	5.35	1.19	2.06	3.7	1.37
38	50.62	40.96	35.46	100	0.5	0	0	1	2	4.28	3.85	0.95	4.7	3.85	0.95	2.14	6.41	0.95	3.42	2.99	1.05	4.7	4.28	0.76	4.28	4.28	0.76	5.13	4.28	1.43	4.7	5.13	1.24	4.28	2.14	1.24	6.41	2.99	1.14	4.28	3.42	1.14	2.99	4.28	0.95	3.42	3.85	0.67	2.99	4.28	1.43
39	43.3	48.96	7.15	100	0.5	0	0	1	1	2.09	3.76	0.65	2.93	3.34	0.84	3.76	5.01	0.84	2.93	4.6	0.84	2.93	4.6	1.02	3.34	2.09	0.93	4.18	4.18	1.11	2.09	4.18	1.39	2.93	3.34	0.46	4.6	5.01	1.21	2.09	5.01	0.93	3.76	5.43	1.11	2.09	4.18	1.39	3.34	5.01	1.39
40	58.75	52.38	29.66	100	0.5	1	1	0	2	4.5	4.5	0.5	4.95	4.5	1.3	4.5	4.05	0.7	5.4	4.05	0.9	4.5	4.5	0.7	4.05	3.15	1.3	5.85	4.5	1	4.5	4.05	1.1	3.6	5.85	1	4.5	4.05	0.5	6.75	5.4	1.2	4.05	4.05	1.5	4.05	4.05	1	3.6	4.5	1
41	45.06	46.85	41.16	100	0.5	0	0	1	1	2.22	1.33	0.39	1.18	1.48	0.3	0.74	1.18	0.33	1.33	2.22	0.16	2.22	1.04	0.23	1.33	0.74	0.33	1.48	1.04	0.33	1.48	0.74	0.36	0.74	1.63	0.26	1.77	1.18	0.3	0.74	1.33	0.39	1.77	1.77	0.33	1.92	1.92	0.23	2.22	1.18	0.3
42	47.22	39.04	27.83	100	0.5	1	1	0	2	4.15	3.32	0.74	4.98	3.32	1.11	5.39	4.56	0.92	4.98	4.98	1.2	2.9	4.98	0.92	4.98	2.07	1.38	6.22	6.22	0.46	4.15	5.39	1.01	3.73	4.15	0.92	3.73	3.73	0.83	4.15	4.15	0.46	6.22	2.07	0.46	6.22	4.98	0.65	2.9	3.73	0.74
43	47.15	41.19	37.59	100	0.5	1	1	0	1	2.22	1.63	0.33	1.77	1.18	0.33	1.77	2.22	0.16	1.63	1.92	0.39	2.22	1.92	0.43	1.63	1.48	0.26	1.48	1.63	0.26	1.48	1.48	0.49	2.22	1.48	0.16	1.63	1.92	0.49	1.63	1.48	0.36	2.22	1.63	0.26	1.63	1.33	0.33	1.04	2.22	0.39
44	53.87	31.45	8.81	100	0.5	1	1	0	1	1.93	1.54	0.31	1.03	1.54	0.29	1.03	1.16	0.31	1.54	1.29	0.29	1.29	1.54	0.31	1.29	1.03	0.29	1.03	1.93	0.23	1.54	1.67	0.14	1.29	1.16	0.29	1.03	1.41	0.29	1.54	1.54	0.14	0.64	1.16	0.2	1.29	1.29	0.31	1.54	0.9	0.43
45	45.06	46.85	26.6	100	0.5	1	1	0	1	4.63	5.55	1.34	2.31	5.55	0.93	3.24	3.24	1.03	3.7	4.63	0.93	2.31	2.31	1.54	4.63	5.09	1.03	4.63	6.02	1.03	2.31	2.31	1.54	3.7	3.24	1.13	5.55	3.24	1.34	4.63	6.94	0.82	4.17	5.09	0.82	4.17	3.7	1.54	3.24	2.31	0.51
46	54.05	38.85	5.8	100	0.5	1	1	0	1	2.57	2.31	0.63	2.57	2.06	0.51	2.57	2.83	0.4	2.06	1.29	0.69	1.29	2.57	0.57	2.06	2.83	0.57	2.57	2.83	0.57	2.31	1.8	0.29	1.8	2.31	0.51	3.34	2.57	0.51	2.31	3.09	0.57	1.29	3.09	0.69	2.31	2.31	0.29	1.29	2.06	0.29
47	43.67	40.09	57.03	100	0.5	1	1	0	1	2.09	4.18	1.39	5.43	3.34	1.39	5.43	4.18	1.11	6.27	4.18	0.65	4.6	4.18	1.11	2.09	6.27	1.21	4.18	2.93	0.65	4.18	4.18	0.74	2.09	5.01	0.74	5.43	5.43	0.93	3.76	6.27	1.39	5.43	4.18	0.65	5.01	4.6	1.11	4.18	3.34	0.84
48	51.84	43.02	6.89	100	0.5	1	1	0	1	0.68	1.76	0.27	1.22	1.08	0.15	1.49	1.35	0.45	0.68	1.22	0.24	1.35	2.03	0.36	0.95	1.08	0.15	1.22	1.35	0.15	1.35	1.49	0.33	0.68	1.35	0.15	1.35	1.08	0.3	1.76	0.95	0.15	0.68	0.68	0.3	0.68	1.22	0.3	0.68	1.22	0.21
49	53.52	40.01	14.5	100	0.5	1	1	0	1	3.33	3.81	0.85	5.23	4.76	1.27	4.28	3.81	1.37	4.76	5.23	0.53	4.76	7.14	0.74	3.81	5.71	1.59	4.76	3.81	1.16	4.76	3.33	1.16	6.18	4.76	1.06	6.18	3.33	0.53	4.76	3.81	1.59	3.81	6.18	1.59	6.18	7.14	1.27	4.76	5.23	0.74
50	53.36	43.88	36.75	100	0.5	1	1	0	1	3.28	2.4	0.58	1.75	1.97	0.49	1.97	2.19	0.73	1.09	2.19	0.34	3.28	2.84	0.58	3.28	2.4	0.39	1.97	1.97	0.49	2.4	2.19	0.24	2.19	1.09	0.49	1.09	1.09	0.53	2.19	2.84	0.58	2.62	1.97	0.49	2.62	3.28	0.53	2.84	1.09	0.24
51	50.31	42.04	11.75	100	0.5	1	1	0	1	1.71	3.18	0.49	2.44	3.66	0.54	2.69	1.22	0.27	1.95	1.22	0.6	2.44	3.18	0.43	1.22	2.93	0.6	3.18	2.2	0.27	3.18	2.44	0.38	3.66	2.93	0.43	2.44	2.2	0.38	2.44	2.93	0.27	3.66	2.44	0.43	2.69	2.93	0.81	2.2	2.69	0.54
52	47.83	41.44	8.74	100	0.5	1	1	0	1	4.26	2.62	0.87	3.28	3.93	0.66	3.28	2.95	0.73	2.3	3.28	0.73	3.61	2.62	0.95	1.64	3.93	0.36	3.28	4.92	0.66	3.93	3.61	0.73	4.92	2.95	0.36	2.62	1.64	0.51	2.3	3.61	0.58	1.64	3.61	0.73	3.61	3.93	0.51	4.92	4.92	0.87
53	55.61	45.09	47.79	100	0.5	1	1	1	1	1.19	1.67	0.48	1.9	2.38	0.42	1.19	1.19	0.69	3.57	3.09	0.48	2.62	3.57	0.63	2.62	2.38	0.63	2.85	1.19	0.37	1.9	3.09	0.69	1.9	1.9	0.69	2.38	2.62	0.58	2.85	1.9	0.26	2.62	2.38	0.37	2.85	1.19	0.26	2.62	1.9	0.63
54	49.39	40.7	11.95	100	0.5	1	1	0	1	4.93	2.66	0.42	5.69	5.69	0.59	5.69	4.93	0.84	2.66	4.17	0.76	4.93	4.55	0.84	4.55	1.9	0.76	3.03	4.93	1.01	3.41	4.93	0.42	4.17	4.93	0.42	4.17	1.9	0.84	4.55	3.79	0.67	1.9	1.9	1.26	3.03	1.9	0.59	3.41	2.66	0.67
55	58.01	45.95	33.15	100	0.5	1	1	0	1	3.68	2.55	0.75	2.55	3.39	0.75	3.11	2.83	0.44	2.83	2.55	0.63	1.41	3.11	0.75	2.55	2.83	0.82	3.11	2.26	0.44	2.83	1.41	0.63	3.68	1.41	0.82	4.24	2.83	0.63	1.41	2.83	0.57	2.26	2.55	0.5	1.98	2.83	0.63	2.55	3.11	0.63
56	37.18	37.96	54.16	100	0.5	0	0	1	1	2.83	3.39	0.44	3.39	2.26	0.5	1.41	2.83	0.69	4.24	1.98	0.57	1.98	1.41	0.69	1.98	3.68	0.69	2.83	2.26	0.63	3.39	2.83	0.31	3.39	1.41	0.63	2.83	3.39	0.82	1.98	3.11	0.44	2.55	1.41	0.94	2.83	1.98	0.44	2.55	1.41	0.63
57	35.36	34.6	24.74	100	0.5	0	0	1	1	5.17	4.31	0.96	4.74	2.15	0.67	3.45	4.31	0.96	3.02	3.02	0.67	3.45	3.02	0.96	6.46	3.02	0.86	3.02	5.6	1.15	3.45	4.31	0.86	4.74	5.17	0.96	4.31	3.02	0.48	4.31	5.6	0.96	5.17	3.02	0.67	3.45	4.31	0.48	2.15	5.6	1.24
58	51.12	43.51	22.02	100	0.5	1	1	1	1	2.2	2.44	0.49	3.18	1.71	0.54	3.18	2.44	0.43	1.71	2.69	0.54	2.2	1.71	0.38	2.44	2.44	0.54	2.93	2.44	0.38	2.2	1.22	0.54	2.2	2.93	0.54	3.18	1.22	0.81	2.44	2.44	0.71	1.95	2.93	0.81	1.22	3.18	0.27	1.71	2.44	0.81
59	47.91	41.81	51.85	100	0.5	0	0	1	6	5.2	4.16	1.15	6.76	5.72	1.15	5.72	4.16	1.04	4.16	4.68	0.81	3.64	2.6	0.81	5.2	4.16	1.73	5.72	2.6	1.15	5.2	6.24	1.15	5.72	7.79	1.73	3.64	5.2	1.73	5.2	3.64	0.58	5.2	5.72	1.27	3.64	5.2	0.81	6.24	5.2	0.92
60	43.35	43.29	27.86	100	0.5	0	0	1	3	2.26	3.11	0.44	3.39	1.41	0.82	2.83	3.39	0.82	4.24	1.41	0.44	4.24	2.26	0.31	2.55	3.68	0.69	2.26	1.98	0.31	3.68	3.11	0.94	2.83	1.41	0.63	2.55	3.39	0.69	1.41	2.83	0.5	2.83	1.98	0.63	3.39	2.26	0.44	2.83	2.83	0.82
61	52.37	39.8	51.73	100	0.5	1	1	0	1	2.12	2.33	0.33	1.91	2.33	0.47	1.49	2.33	0.24	1.91	1.06	0.38	1.49	2.12	0.42	1.06	1.7	0.57	2.12	1.91	0.61	2.33	1.91	0.57	2.33	2.76	0.42	2.12	2.55	0.52	2.55	1.06	0.52	1.91	3.18	0.71	1.06	2.55	0.57	1.06	3.18	0.61
62	47.77	41.92	50.48	100	0.5	1	1	0	1	3.39	4.24	0.44	1.41	2.83	0.31	2.83	2.83	0.31	3.68	2.83	0.57	1.41	1.98	0.82	2.26	2.83	0.69	2.55	3.39	0.75	2.26	1.41	0.82	3.68	1.98	0.63	1.98	3.39	0.69	3.39	2.26	0.94	3.39	1.41	0.75	3.39	3.11	0.31	4.24	2.83	0.31
63	37.64	49.19	8.07	100	0.5	1	1	0	1	3.78	2.84	0.35	4.1	3.15	1.05	3.47	4.73	0.63	3.15	2.21	0.56	4.1	3.15	1.05	3.78	2.84	0.7	2.52	2.21	0.56	4.1	2.21	0.49	2.84	2.84	0.35	2.21	2.84	0.7	3.15	3.15	1.05	3.78	3.47	0.84	3.15	3.78	0.63	4.1	3.15	0.84
64	59.13	38.29	54.3	100	0.5	1	1	1	1	2.97	1.89	0.9	4.05	2.7	0.42	4.05	2.97	0.72	4.05	2.16	0.66	1.89	2.43	0.6	3.51	2.7	0.6	2.16	2.16	0.42	2.7	4.05	0.3	2.7	3.24	0.9	3.24	4.05	0.6	1.35	1.35	0.78	2.16	2.43	0.3	2.16	2.43	0.78	1.89	2.16	0.54
65	49.21	41.1	36.43	100	0.5	1	1	0	1	5.4	3.24	1.2	2.52	2.88	0.72	3.24	3.24	0.88	2.52	2.88	0.56	2.52	1.8	0.8	3.6	4.32	1.2	5.4	3.6	0.4	4.68	4.68	0.64	3.24	2.88	0.96	3.24	3.24	0.56	3.24	2.52	0.88	4.32	2.52	0.96	4.68	1.8	0.56	5.4	2.88	0.56
66	56.85	35.61	2.85	100	0.5	1	1	0	1	2.24	1.86	0.46	2.24	1.86	0.46	1.49	1.31	0.21	2.05	1.49	0.29	0.93	2.05	0.41	0.93	0.93	0.33	2.24	2.24	0.33	2.24	2.05	0.5	2.05	1.86	0.21	1.31	1.49	0.5	2.42	2.24	0.5	0.93	1.86	0.5	2.05	2.8	0.41	2.24	1.68	0.29
67	42.86	27.62	29.15	100	0.5	1	1	0	1	1.31	1.49	0.41	1.86	1.68	0.29	2.05	1.68	0.62	1.86	0.93	0.29	2.8	1.49	0.46	1.68	1.86	0.41	2.42	1.86	0.54	1.86	1.86	0.41	1.68	1.68	0.54	1.68	2.42	0.21	2.8	2.42	0.41	0.93	1.49	0.41	2.24	0.93	0.41	1.86	1.31	0.29
68	54.16	45.6	29	100	0.5	0	0	1	1	1.8	1.26	0.36	1.8	2.34	0.52	2.7	0.9	0.4	1.62	1.8	0.48	1.26	2.16	0.44	2.16	2.34	0.52	0.9	1.44	0.36	2.34	0.9	0.52	1.26	1.8	0.6	1.8	1.8	0.52	1.62	2.7	0.48	1.44	1.8	0.44	1.98	1.44	0.52	1.62	2.34	0.4
69	52.9	36.3	8.05	100	0.5	0	0	1	1	3.82	2.12	0.94	4.24	5.52	1.04	2.12	2.12	0.85	5.09	2.12	0.75	4.24	4.24	0.75	5.52	2.97	0.75	4.67	2.12	0.66	2.12	4.24	0.75	3.39	3.39	0.47	3.39	2.97	1.13	4.24	3.82	0.47	3.39	2.12	0.94	3.39	5.09	0.94	4.24	5.52	0.85
70	47.1	40.21	58.49	100	0.5	0	0	1	1	2.48	3.38	0.45	2.7	2.7	0.45	1.13	2.48	0.6	2.48	1.13	0.5	1.8	2.03	0.25	2.48	2.48	0.5	3.38	2.7	0.55	2.25	1.58	0.25	2.93	2.25	0.25	2.25	1.8	0.65	2.25	2.93	0.55	2.25	1.58	0.65	1.58	1.13	0.6	2.25	2.48	0.65
71	53.11	39.6	53.62	100	0.5	1	1	0	1	0.8	1.93	0.46	0.8	1.61	0.36	1.45	1.77	0.18	1.61	2.41	0.36	1.13	0.8	0.54	2.41	1.93	0.32	2.09	0.8	0.43	1.61	1.29	0.54	1.77	1.29	0.25	0.8	1.29	0.54	2.09	1.45	0.39	1.13	1.77	0.43	1.61	2.41	0.29	0.8	1.61	0.18
72	52.47	43.6	62.35	100	0.5	1	1	0	1	2.8	2.8	0.54	1.86	2.05	0.41	2.05	2.24	0.41	1.86	1.86	0.29	1.49	2.24	0.41	2.24	1.31	0.46	2.8	2.42	0.33	2.24	0.93	0.37	1.86	1.49	0.29	2.42	1.86	0.46	1.31	1.68	0.5	2.8	1.68	0.37	2.24	1.86	0.41	0.93	1.86	0.54
73	56.78	43.64	50.51	100	0.5	0	0	1	2	4.59	1.91	0.94	3.06	4.21	0.85	3.44	3.83	0.6	3.44	3.06	0.6	3.44	4.59	0.77	3.83	3.83	0.94	2.68	3.83	1.02	3.83	5.74	0.43	3.06	4.59	0.68	5.74	3.44	1.02	4.21	3.83	1.02	4.97	4.21	1.02	2.68	3.83	1.28	4.59	4.21	0.77
74	53.07	33.3	36.88	100	0.5	1	1	0	1	1.76	1.62	0.27	0.95	1.22	0.21	1.35	1.35	0.33	0.95	1.35	0.45	1.08	1.35	0.21	2.03	1.76	0.36	0.68	1.49	0.36	0.95	1.35	0.15	1.62	2.03	0.15	2.03	0.68	0.21	1.22	1.49	0.39	1.35	0.68	0.45	1.22	1.35	0.24	1.62	0.68	0.3
75	47.75	35.09	38.09	100	0.5	0	0	1	2	5.36	5.36	1.49	3.57	4.47	0.79	2.23	5.81	0.99	4.02	4.91	0.99	6.7	5.81	0.7	6.7	4.47	0.99	4.47	4.47	0.5	3.57	5.36	0.89	4.91	2.23	1.29	4.47	2.23	1.49	3.13	3.13	1.19	6.7	4.02	1.19	4.02	4.02	0.5	2.23	3.13	0.5
76	36.85	0	61.57	100	0.5	1	1	0	1	0	0	0	0	0	0	0	0	0	0	0	0	0	0	0	0	0	0	0	0	0	0	0	0	0	0	0	0	0	0	0	0	0	0	0	0	0	0	0	0	0	0
77	53.06	33.34	20.9	100	0.5	0	0	1	2	3.28	1.09	0.53	2.62	1.97	0.24	2.19	1.75	0.73	3.28	1.53	0.53	3.28	3.28	0.44	2.19	1.53	0.44	2.62	1.09	0.49	1.97	2.62	0.24	2.84	1.75	0.39	1.53	2.84	0.53	1.75	1.75	0.53	1.75	1.75	0.44	1.75	2.19	0.49	2.4	2.84	0.39
78	44.16	42.23	51.86	100	0.5	1	1	0	1	5.53	7.19	1.23	6.63	4.98	1.11	4.42	6.63	0.98	6.08	5.53	0.86	6.08	5.53	1.35	5.53	2.76	0.61	6.63	4.98	1.47	4.42	6.63	1.47	5.53	6.63	1.23	7.19	2.76	1.84	8.29	7.19	1.23	5.53	2.76	1.47	5.53	5.53	1.35	8.29	8.29	1.23
79	56.94	46.95	28.48	100	0.5	1	1	0	1	2.37	2.66	0.79	3.55	1.48	0.99	4.44	2.37	0.79	1.48	2.96	0.66	3.25	2.96	0.66	4.44	3.55	0.79	2.37	2.37	0.53	3.25	3.84	0.59	2.07	2.37	0.66	2.96	2.96	0.72	2.66	2.66	0.66	2.66	2.96	0.66	1.48	2.66	0.99	1.48	3.55	0.72
80	56.02	45.13	55.48	100	0.5	1	1	1	2	5.54	4.44	1.07	2.96	1.85	0.74	2.59	2.59	0.66	2.96	4.07	0.74	5.54	3.33	0.66	2.59	2.59	0.74	4.44	3.7	0.82	3.7	3.33	1.07	3.7	2.59	0.66	2.59	3.7	1.23	2.59	3.33	0.66	2.59	3.33	0.9	4.07	4.07	1.07	4.44	4.44	0.99
81	41.46	23.88	48.28	100	0.5	0	0	1	1	3.54	2.89	0.57	2.57	3.54	0.5	3.86	2.57	0.79	2.57	3.21	0.64	3.86	2.89	1.07	2.89	1.61	0.93	3.86	3.54	0.36	3.21	4.18	0.57	1.61	2.25	1.07	4.82	4.18	0.79	3.21	3.54	0.86	2.25	1.61	0.5	4.18	2.57	0.79	4.18	4.82	0.71
82	53.16	27.41	50.13	100	0.5	1	1	0	1	2.21	4.1	0.77	2.52	1.58	0.77	2.84	2.84	0.91	4.73	4.73	0.63	1.58	2.84	0.7	2.21	4.1	0.49	2.84	4.73	0.56	4.73	2.21	0.7	1.58	2.52	0.49	3.78	3.78	0.84	3.15	3.15	0.91	3.78	2.21	0.49	4.73	3.15	0.77	4.1	2.84	0.84
83	37.08	38.13	48.17	100	0.5	1	1	0	1	1.94	2.49	0.61	2.49	2.76	0.31	2.76	3.32	0.49	3.32	3.32	0.49	3.32	3.04	0.55	3.04	1.38	0.49	3.04	4.15	0.61	3.04	4.15	0.92	4.15	1.38	0.61	2.76	4.15	0.31	1.94	2.21	0.31	1.38	2.76	0.92	1.38	3.04	0.55	3.59	4.15	0.61
84	57.24	41.64	41.41	100	0.5	1	1	1	2	2.86	3.38	0.58	2.34	1.3	0.29	3.12	1.82	0.52	2.6	2.6	0.58	2.6	2.6	0.75	3.12	3.38	0.58	2.08	2.86	0.69	3.12	3.38	0.75	3.91	1.3	0.52	2.6	1.82	0.52	1.82	3.38	0.69	1.82	3.38	0.46	2.86	3.91	0.64	2.08	1.3	0.41
85	56.04	47.84	48.9	100	0.5	1	1	0	1	1.16	1.62	0.62	2.31	1.85	0.26	2.78	2.78	0.67	2.31	3.47	0.57	2.31	1.62	0.26	2.78	3.01	0.57	2.31	2.08	0.62	3.47	2.55	0.57	2.31	2.55	0.62	2.31	3.01	0.46	2.55	1.85	0.51	1.16	3.01	0.77	1.62	2.31	0.36	1.16	3.47	0.57
86	47.9	41.15	36.4	100	0.5	1	1	0	1	2.7	2.03	0.4	1.8	1.13	0.35	2.03	1.13	0.65	1.58	1.8	0.5	2.03	2.48	0.25	2.25	1.13	0.5	3.38	2.7	0.25	2.25	1.58	0.55	2.25	2.48	0.5	1.58	3.38	0.25	1.58	3.38	0.45	1.8	1.13	0.5	1.8	2.25	0.65	2.48	2.48	0.25
87	54.94	31.92	6.98	100	0.5	1	1	0	1	1.85	2.08	0.46	1.85	2.31	0.57	2.78	3.47	0.41	2.31	1.16	0.51	3.01	1.62	0.41	2.78	1.16	0.41	1.85	1.62	0.26	1.85	2.31	0.51	3.47	1.16	0.26	2.31	3.01	0.51	2.31	1.85	0.51	1.16	2.31	0.41	1.85	3.01	0.77	2.78	3.47	0.51
88	39.94	49.51	24.19	100	0.5	0	0	1	1	1.41	1.84	0.47	1.27	0.71	0.31	1.84	0.99	0.31	1.84	1.27	0.25	0.71	0.71	0.22	1.13	1.27	0.25	1.7	1.84	0.47	2.12	1.41	0.16	1.41	1.13	0.31	2.12	1.41	0.25	2.12	0.71	0.47	1.56	2.12	0.31	1.7	1.41	0.28	1.41	1.41	0.38
89	30.27	34.59	32.46	100	0.5	1	1	0	2	5.59	7.62	1.47	6.09	2.54	1.24	2.54	3.56	1.24	6.09	5.08	1.13	7.62	5.08	1.35	2.54	6.09	1.02	5.08	4.57	0.79	5.08	5.08	1.02	7.62	3.56	1.02	5.08	4.57	1.69	3.56	5.59	1.02	4.57	3.56	1.47	5.08	5.08	1.35	5.08	7.62	1.24
90	47.72	41.34	24.56	100	0.5	1	1	0	1	2.16	1.8	0.4	1.8	1.8	0.4	1.8	2.7	0.44	1.44	2.7	0.28	1.62	1.8	0.4	2.16	2.16	0.52	1.8	1.8	0.36	2.16	2.7	0.28	1.62	1.62	0.36	1.8	1.44	0.52	2.16	1.98	0.36	1.44	1.62	0.4	2.7	1.62	0.36	0.9	1.98	0.2
91	48.12	39.23	27.72	100	0.5	1	1	0	1	3.6	2.52	0.96	5.4	4.32	1.04	3.6	3.96	0.64	4.32	1.8	1.2	3.6	3.6	0.8	5.4	2.52	0.88	4.68	3.96	0.4	2.52	1.8	0.8	3.6	2.88	1.04	3.6	3.96	0.8	2.88	3.96	0.88	3.6	5.4	1.04	5.4	2.52	1.2	4.32	3.6	0.56
92	53.81	22.71	58.47	100	0.5	0	0	1	2	4.4	2.2	1.17	5.72	4.4	0.98	6.61	3.52	0.98	4.84	4.4	1.08	4.84	2.2	0.49	5.28	5.72	0.78	3.52	3.08	0.49	4.84	4.4	1.17	2.2	5.72	1.47	5.28	5.72	1.17	2.2	4.4	0.98	6.61	3.52	0.78	3.96	4.84	0.49	2.2	5.72	0.49
93	53.06	33.34	52.77	100	0.5	0	0	1	3	4.69	4.69	0.73	4.69	7.04	1.56	6.1	5.63	0.83	4.69	3.29	0.83	3.75	2.35	0.52	7.04	5.16	0.83	7.04	6.1	1.04	5.63	4.69	0.94	5.16	3.75	0.73	2.35	4.69	1.04	2.35	7.04	0.94	4.69	2.35	0.52	3.29	4.69	0.52	3.29	4.22	1.04
94	56.89	26.25	30.84	100	0.5	1	1	1	1	3.84	3.25	0.85	2.96	1.48	0.85	2.37	2.66	0.72	2.37	3.84	0.59	2.07	3.55	0.59	2.96	1.48	0.66	2.96	2.37	0.33	1.48	1.48	0.66	3.84	2.66	0.79	3.55	3.25	0.72	3.25	1.48	0.33	4.44	1.48	0.46	4.44	1.48	0.79	2.37	3.55	0.66
95	47.91	41.81	36.88	100	0.5	1	1	0	1	1.93	1.93	0.39	2.51	2.31	0.64	2.51	1.93	0.43	1.54	1.74	0.56	1.35	1.93	0.43	1.93	1.74	0.56	1.93	2.51	0.47	2.51	1.74	0.51	2.31	0.96	0.47	1.74	1.93	0.43	1.93	1.93	0.21	1.74	0.96	0.64	2.31	2.89	0.43	2.31	1.54	0.64
96	48.09	41.6	2.83	100	0.5	0	0	1	2	4.83	3.02	0.94	9.06	5.44	1.61	6.65	7.86	1.48	5.44	9.06	1.21	6.04	9.06	2.01	7.25	5.44	1.07	3.02	4.23	1.48	5.44	7.25	1.75	6.65	6.04	1.34	6.04	6.65	1.34	6.65	7.25	0.94	6.04	3.02	1.07	9.06	4.83	0.94	4.23	3.02	0.67
97	47.25	34.61	41.33	100	0.5	1	1	0	1	3.18	3.54	0.86	2.48	2.48	1.18	3.54	3.89	1.18	3.89	3.54	0.39	3.89	3.54	0.39	2.83	3.54	0.86	3.54	3.54	0.55	3.54	5.3	1.02	5.3	2.48	0.71	1.77	2.48	0.94	2.48	2.48	1.02	3.54	1.77	1.18	4.24	3.54	0.79	3.54	2.48	0.94
98	45.87	49.07	3.84	100	0.5	1	1	0	1	6.08	3.24	0.9	6.08	2.03	0.63	6.08	5.27	0.9	4.05	3.24	0.72	2.03	3.65	0.63	4.05	3.24	1.35	4.05	6.08	1.08	4.05	3.65	0.63	4.46	6.08	0.63	2.03	2.03	0.99	3.24	2.84	0.99	6.08	2.03	1.35	2.03	3.24	0.45	2.03	4.46	0.72
99	47.53	35.58	50.88	100	0.5	1	1	0	1	2.31	3.18	0.77	2.31	2.89	0.32	1.45	1.45	0.51	1.45	2.89	0.71	2.6	2.89	0.51	3.47	4.34	0.77	2.31	1.45	0.32	4.34	3.76	0.77	2.31	1.45	0.84	1.45	2.03	0.58	3.18	2.89	0.96	2.89	4.34	0.77	1.45	2.31	0.71	2.89	4.34	0.45
100	61.41	49.24	30.33	100	0.5	1	1	0	1	3.73	4.85	0.41	3.73	2.98	0.58	4.85	4.85	0.99	2.61	3.73	0.99	4.1	4.47	0.58	3.73	4.47	0.99	3.73	3.73	1.24	1.86	1.86	0.83	3.73	4.85	1.08	5.59	4.1	1.24	4.47	2.98	0.75	1.86	3.73	0.58	2.61	4.47	0.91	2.61	2.61	0.83
