100	42	300	30	2																																															
20	10	4	240	6																																															
40	65																																																		
0	47.82	38.55	5000	0	0																																														
1	54.79	40.7	24.91	100	0.5	1	1	1	1	3.68	3.68	1.11	4.01	3.34	0.74	1.67	2.67	0.67	3.34	4.35	0.67	2.67	1.67	0.59	2.34	4.01	0.74	2.67	3.34	0.59	3.34	4.01	0.52	2.34	3.34	0.82	3.01	1.67	0.89	3.01	3.34	0.74	4.01	5.01	0.89	2.34	2.67	0.74	5.01	3.34	0.82
2	45.9	41.11	59.15	100	0.5	0	0	1	5	2.64	5.28	1.41	5.28	3.7	0.82	6.87	5.28	1.17	2.64	6.34	1.53	3.7	6.34	0.82	4.76	3.7	0.94	5.81	3.7	1.29	3.7	6.87	1.29	7.93	5.81	0.94	5.81	5.28	1.29	7.93	4.23	1.17	7.93	6.34	1.06	5.28	5.28	1.06	4.76	5.28	0.94
3	50.35	38.62	25.12	100	0.5	1	1	0	1	1.35	1.35	0.39	1.08	1.62	0.36	1.22	0.95	0.39	1.35	1.35	0.15	1.08	2.03	0.3	0.95	0.68	0.24	1.22	1.35	0.39	1.35	0.95	0.3	1.62	1.22	0.27	1.08	1.35	0.39	1.35	1.35	0.45	1.35	1.62	0.45	2.03	1.62	0.24	2.03	1.49	0.45
4	48.05	40.66	12.67	100	0.5	1	1	1	1	1.29	1.61	0.46	1.29	0.8	0.36	2.09	1.61	0.36	2.41	2.41	0.25	1.29	0.8	0.36	1.13	1.61	0.36	1.77	1.29	0.36	1.93	1.29	0.29	2.41	1.77	0.18	1.45	1.61	0.32	1.77	2.41	0.36	1.29	1.13	0.29	1.45	1.45	0.36	1.29	1.29	0.32
5	46.5	46.9	36.76	100	0.5	1	1	1	1	7.25	9.06	0.67	6.04	4.83	1.34	6.65	9.06	1.21	4.23	6.04	1.48	6.04	4.23	2.01	4.23	4.23	0.67	6.04	6.04	1.34	9.06	9.06	1.07	7.25	6.04	0.94	3.02	6.65	1.61	6.04	9.06	1.21	7.86	3.02	1.48	9.06	6.04	2.01	9.06	6.65	1.61
6	42.86	27.62	18.21	100	0.5	0	0	1	5	5.11	3.41	0.91	3.75	3.41	0.61	5.11	4.09	0.98	3.07	3.07	0.61	4.09	1.7	0.91	3.75	4.43	0.98	4.43	2.39	0.83	1.7	1.7	0.98	4.43	2.73	0.91	3.07	4.09	0.76	3.07	4.09	0.83	3.41	3.41	0.98	3.41	3.75	0.68	2.39	3.41	0.76
7	35.41	32.36	60.88	100	0.5	1	1	0	1	3.54	3.54	0.79	2.83	3.18	0.63	5.3	1.77	1.18	4.6	1.77	0.94	2.48	5.3	0.86	1.77	5.3	0.63	4.6	2.48	0.39	3.54	3.18	0.55	4.6	2.83	0.39	5.3	5.3	0.86	2.48	3.18	0.79	3.89	3.89	0.63	4.6	2.48	0.39	3.18	4.6	0.55
8	51.91	40.92	41.85	100	0.5	1	1	0	1	2.12	0.96	0.34	2.89	2.51	0.43	2.12	2.12	0.39	2.89	1.93	0.43	1.35	1.93	0.21	2.31	1.54	0.3	1.74	2.12	0.51	2.12	2.31	0.43	2.89	1.74	0.39	2.51	1.74	0.47	2.51	1.35	0.43	0.96	2.12	0.56	1.54	1.74	0.39	1.93	1.35	0.21
9	49.71	40.72	40.26	100	0.5	0	0	1	1	2.12	2.72	0.67	3.93	1.51	0.47	2.72	3.32	0.87	3.32	2.72	0.54	2.72	3.02	0.74	3.63	3.63	0.67	2.42	3.02	0.81	1.51	2.12	0.81	4.53	3.02	0.54	3.02	2.42	0.87	3.32	3.63	0.81	3.02	1.51	0.81	3.63	3.02	0.81	3.02	3.32	0.67
10	56.52	42.85	64.85	100	0.5	1	1	1	1	4.95	2.25	1.2	4.5	4.5	1.1	4.5	4.5	0.9	4.95	3.15	1.3	3.6	4.05	0.8	4.05	4.5	1.3	4.95	2.25	0.9	4.5	5.85	1	3.6	4.95	0.7	2.25	2.25	0.9	4.05	2.25	1	4.5	4.5	0.5	4.5	3.15	1.5	4.5	4.05	0.8
11	56.03	45.09	54.8	100	0.5	1	1	0	1	3.15	5.4	0.9	5.4	4.5	1.3	2.25	4.5	0.5	3.15	5.4	0.9	6.75	3.15	0.8	6.75	4.95	0.5	2.25	6.75	1.2	4.5	4.05	1.1	6.75	4.5	1.2	6.75	5.85	0.5	2.25	4.5	1.3	4.95	5.85	1	4.5	5.4	0.8	4.5	2.25	1.2
12	55.54	41.37	61.71	100	0.5	1	1	0	1	2.01	2.51	0.72	2.51	2.76	0.72	2.51	2.26	0.56	3.01	2.76	0.5	1.25	2.76	0.28	2.51	2.51	0.84	1.76	2.26	0.28	2.51	2.51	0.5	3.26	3.01	0.72	3.26	1.25	0.5	2.51	1.76	0.56	1.25	2.26	0.28	3.01	2.51	0.5	1.76	2.51	0.56
13	52.9	43.6	8.24	100	0.5	1	1	0	1	4.86	6.08	0.9	2.84	4.46	0.45	5.27	4.86	0.9	4.46	4.46	0.99	3.65	4.05	0.45	4.86	6.08	1.08	4.05	3.24	0.81	2.03	4.86	0.9	3.24	5.27	0.63	4.46	4.05	0.81	4.05	5.27	0.99	2.03	2.84	0.9	4.46	5.27	1.08	3.65	4.86	1.17
14	52.02	42.21	45.91	100	0.5	0	0	1	6	4.99	3.99	1.22	6.48	4.99	1.11	3.49	5.49	0.78	3.49	7.48	1.33	3.49	4.99	0.55	7.48	5.49	1.22	4.99	4.99	0.55	4.49	6.48	1.22	3.99	4.49	0.78	4.49	7.48	0.78	3.49	3.99	0.55	4.99	2.49	0.89	2.49	4.99	0.89	6.48	5.98	1.11
15	54.73	27.53	26.39	100	0.5	0	0	1	3	4.69	2.5	0.63	2.19	3.75	0.76	1.56	4.07	0.83	3.13	2.82	0.7	2.19	3.13	0.9	3.75	3.13	0.35	3.44	2.5	0.63	3.75	2.5	0.35	4.69	2.82	0.76	4.07	2.82	0.49	1.56	1.56	0.35	3.44	2.19	0.35	1.56	1.56	0.7	2.5	3.13	0.83
16	54.94	31.92	23.53	100	0.5	1	1	0	2	2.05	1.1	0.18	1.26	1.42	0.25	1.73	2.05	0.32	1.89	2.36	0.53	1.73	1.42	0.46	1.89	1.26	0.39	1.26	1.89	0.25	1.26	2.05	0.35	1.89	1.58	0.28	1.89	2.36	0.42	1.58	1.42	0.42	0.79	1.58	0.39	1.58	0.79	0.46	0.79	1.26	0.18
17	53.73	42.95	28.3	100	0.5	0	0	1	6	4.64	3.71	0.52	6.03	3.71	0.72	3.25	5.1	1.24	5.57	2.32	0.72	4.64	6.96	1.03	4.17	3.71	1.34	4.64	2.32	1.03	5.57	5.1	0.52	3.25	4.64	1.34	2.32	5.1	1.13	2.32	6.03	0.82	3.25	4.17	0.93	3.71	3.25	1.03	2.32	6.03	1.34
18	35.66	34.52	33.23	100	0.5	1	1	0	2	3.55	2.96	0.99	2.07	2.07	0.99	4.44	2.96	0.46	3.84	1.48	0.53	3.55	3.55	0.85	2.96	3.25	0.53	2.07	2.96	0.72	2.66	2.96	0.33	4.44	4.44	0.99	2.96	2.66	0.59	3.84	3.55	0.66	3.84	3.84	0.66	1.48	1.48	0.59	3.84	4.44	0.53
19	44.58	65.53	1.32	100	0.5	1	1	1	1	1.76	1.35	0.33	1.76	0.68	0.24	1.62	1.76	0.45	1.08	1.08	0.27	0.68	1.35	0.3	1.76	0.68	0.33	1.62	1.76	0.33	1.22	1.49	0.21	0.68	1.35	0.36	1.76	1.62	0.33	1.76	1.08	0.27	1.49	1.22	0.3	1.35	1.35	0.27	2.03	0.68	0.45
20	54.65	45.77	3.23	100	0.5	1	1	0	1	1.22	1.35	0.39	0.95	1.22	0.39	2.03	2.03	0.33	2.03	1.49	0.3	1.08	1.22	0.39	2.03	1.62	0.36	1.62	1.62	0.3	0.68	1.35	0.24	1.62	0.95	0.39	1.49	0.95	0.21	0.95	0.95	0.21	1.35	0.68	0.3	1.76	1.35	0.39	1.49	0.68	0.27
21	47.74	39.28	11.46	100	0.5	0	0	1	1	5.52	4.01	1.34	7.52	6.52	1	2.51	5.01	1	7.52	5.52	1.11	5.01	4.01	1.45	6.52	6.02	1.11	7.52	4.01	1	3.51	5.01	1.11	4.01	6.02	1.11	6.02	5.01	1.11	5.01	3.51	1	5.01	7.52	0.89	5.52	6.02	0.78	7.52	2.51	1.67
22	47.33	41.04	28.74	100	0.5	1	1	1	2	6.56	6.56	1.23	3.53	6.06	1.23	6.56	3.53	1.46	6.06	5.55	1.23	6.06	6.06	1.01	6.06	4.54	1.23	5.55	4.04	1.46	5.55	6.06	0.56	5.55	7.57	1.01	7.57	6.56	1.68	2.52	4.54	1.46	6.56	5.55	1.01	5.05	4.04	0.9	5.55	6.56	1.35
23	55.68	44.51	20.15	100	0.5	1	1	0	1	1.93	1.54	0.56	1.93	2.12	0.39	1.93	2.31	0.21	1.35	2.12	0.3	2.51	2.12	0.3	1.93	2.89	0.47	1.54	2.12	0.56	1.93	0.96	0.3	2.89	2.31	0.3	2.12	0.96	0.43	1.35	2.31	0.3	1.74	1.93	0.43	2.89	2.12	0.34	1.93	1.74	0.21
24	46.69	38.5	56.09	100	0.5	0	0	1	2	3.01	3.34	0.82	3.01	5.01	0.37	3.34	4.35	0.97	4.01	1.67	0.67	3.01	4.01	1.11	4.01	3.68	0.82	3.34	3.68	0.52	3.34	5.01	0.97	3.34	2.67	0.59	3.34	2.34	0.59	4.01	3.34	0.97	3.34	1.67	0.74	4.01	2.34	0.37	5.01	2.34	0.59
25	60.33	47.89	37.46	100	0.5	1	1	0	1	2.83	2.83	0.63	1.98	2.83	0.63	1.98	3.68	0.57	1.41	3.68	0.63	2.55	1.98	0.82	1.41	2.26	0.82	2.26	1.98	0.5	3.11	3.68	0.44	2.83	3.39	0.94	2.83	1.98	0.63	1.98	2.83	0.94	1.98	2.55	0.63	1.98	1.41	0.69	1.41	2.26	0.44
26	52.9	36.3	7.85	100	0.5	1	1	0	1	0.64	0.9	0.37	1.29	1.03	0.26	1.03	1.54	0.23	1.29	1.16	0.23	0.64	1.41	0.43	1.16	1.67	0.2	1.93	1.41	0.43	1.54	1.29	0.31	1.03	0.64	0.43	1.03	1.29	0.34	1.41	1.03	0.34	1.29	1.54	0.43	1.29	1.67	0.29	1.41	1.67	0.34
27	47.91	41.81	53.04	100	0.5	0	0	1	3	6.17	4.11	0.8	2.57	4.11	1.14	5.14	4.63	1.26	5.14	5.14	1.03	7.71	5.66	1.14	7.71	4.63	0.8	4.63	2.57	1.26	6.69	5.66	1.71	3.6	6.17	0.91	3.6	5.14	1.37	6.17	7.71	1.14	6.17	7.71	1.71	3.6	7.71	0.57	6.69	2.57	1.03
28	48.92	43.15	56.13	100	0.5	1	1	1	1	2.84	4.1	1.05	1.58	2.52	0.7	3.47	1.58	0.7	4.1	3.15	0.49	3.15	2.52	0.7	3.47	4.73	0.84	2.21	3.15	0.7	4.73	4.73	0.84	3.15	4.1	0.35	3.78	3.15	0.77	3.15	3.15	0.7	3.78	3.15	0.77	2.84	3.78	0.49	3.15	2.84	0.49
29	49	41.34	10.43	100	0.5	1	1	1	1	6.36	3.39	0.66	2.12	3.39	0.47	3.39	4.24	0.85	5.52	2.12	1.23	4.24	3.82	1.41	4.24	4.67	1.13	6.36	4.24	0.94	3.39	4.24	0.85	2.12	3.82	0.66	6.36	3.39	0.66	2.12	4.24	0.94	5.52	4.24	0.66	2.12	4.24	1.41	3.39	2.12	0.85
30	51.52	43.01	54.41	100	0.5	1	1	0	1	1.33	1.33	0.36	1.48	1.04	0.49	1.04	1.92	0.43	1.92	1.18	0.26	1.48	1.48	0.23	1.77	1.48	0.16	1.63	1.63	0.33	1.33	0.74	0.33	0.74	2.22	0.33	1.04	1.63	0.3	1.18	2.22	0.26	1.48	1.48	0.23	1.48	1.48	0.49	2.22	2.22	0.23
31	55.79	22.05	19.58	100	0.5	0	0	1	1	2.16	0.9	0.6	1.8	1.26	0.44	0.9	1.44	0.4	1.62	2.34	0.4	2.34	1.26	0.36	2.16	1.8	0.4	1.44	1.26	0.52	1.44	1.98	0.2	1.98	2.7	0.48	2.16	1.26	0.32	2.7	2.16	0.2	2.7	2.7	0.52	1.26	1.44	0.48	1.8	2.16	0.44
32	48.3	40.45	60.89	100	0.5	0	0	1	1	6.44	2.48	0.77	6.44	3.96	1.32	5.45	6.44	1.21	4.95	3.96	1.1	4.95	3.47	0.77	4.95	3.96	1.43	4.46	3.96	1.1	2.48	5.94	0.77	6.44	6.44	0.55	5.94	4.95	1.1	3.47	4.95	0.55	4.95	5.45	0.88	3.96	3.47	1.1	7.43	5.45	0.99
33	36.7	35.17	41.23	100	0.5	0	0	1	1	2.83	5.09	0.88	8.49	6.79	0.63	5.66	5.66	0.63	5.09	3.96	1.26	7.35	6.79	0.63	8.49	5.09	1.01	3.96	3.96	1.89	5.66	4.53	0.63	8.49	4.53	1.26	2.83	5.09	1.89	5.09	6.22	1.26	6.22	6.79	1.51	4.53	5.66	1.13	7.35	5.66	1.89
34	38.61	35.52	2.46	100	0.5	1	1	0	1	0.96	2.51	0.3	0.96	2.51	0.34	1.54	1.74	0.39	1.54	1.35	0.34	1.93	2.12	0.34	1.93	2.89	0.21	0.96	2.89	0.43	2.51	1.93	0.39	1.93	1.93	0.56	1.35	2.89	0.43	2.89	0.96	0.3	1.35	2.51	0.64	1.35	2.89	0.47	1.74	1.54	0.43
35	47.76	42.01	33.3	100	0.5	0	0	1	5	3.92	4.36	0.77	5.23	2.18	0.68	2.18	4.36	0.87	4.36	5.23	0.87	2.18	4.79	0.68	4.79	2.18	0.68	4.36	5.67	0.68	4.36	3.49	0.68	3.49	2.18	0.87	4.36	3.49	1.16	5.67	6.54	0.48	5.23	4.36	0.97	5.23	4.36	1.26	6.54	3.49	0.87
36	56.45	43	5.39	100	0.5	1	1	0	1	2.08	2.08	0.19	2.6	1.22	0.19	2.6	1.74	0.46	1.91	1.91	0.46	1.91	1.74	0.27	1.39	1.22	0.19	2.6	1.39	0.39	1.74	1.74	0.46	1.22	0.87	0.46	0.87	1.39	0.31	2.6	1.22	0.5	1.74	1.39	0.39	2.08	0.87	0.39	1.74	1.39	0.27
37	47.34	43.41	44.49	100	0.5	1	1	0	1	2.06	4.11	0.82	4.53	4.11	1.01	2.06	4.11	1.1	3.7	2.06	0.91	2.06	5.35	1.1	5.35	2.06	0.46	4.94	3.7	0.91	4.11	2.88	1.37	2.88	4.11	0.64	3.7	3.29	0.91	4.11	4.11	1.19	4.11	6.17	1.01	4.94	2.88	1.01	4.11	6.17	0.91
38	50.62	40.96	16.82	100	0.5	0	0	1	2	3.42	5.56	0.95	3.85	4.28	1.05	3.42	5.13	1.24	2.99	5.13	0.67	4.28	4.28	0.95	3.42	2.14	0.95	3.85	3.42	0.95	3.85	6.41	0.95	4.28	3.42	1.14	4.28	2.14	0.95	6.41	4.7	0.76	4.7	6.41	1.05	3.42	2.99	0.76	5.56	4.28	1.43
39	43.3	48.96	21.81	100	0.5	0	0	1	1	4.6	3.76	0.84	3.34	4.6	0.84	3.34	4.18	0.65	4.18	4.18	1.39	5.01	3.76	0.84	3.76	4.6	1.21	4.18	2.93	0.65	4.18	5.43	0.65	2.09	2.93	0.93	3.76	4.6	0.46	6.27	3.34	0.93	2.09	3.34	1.39	6.27	4.6	0.93	4.18	6.27	0.93
40	58.75	52.38	3.38	100	0.5	1	1	0	2	3.6	3.15	1.3	4.05	4.95	1	4.5	4.95	1.2	4.5	6.75	1.1	4.95	4.5	0.9	2.25	3.6	1.5	3.6	4.05	1.2	4.95	6.75	1	4.5	5.4	1.2	2.25	4.05	1	3.6	5.85	1.5	6.75	4.05	1.1	4.05	6.75	0.5	4.5	4.95	0.9
41	45.06	46.85	21.17	100	0.5	0	0	1	1	1.33	2.22	0.33	1.63	1.92	0.26	1.63	0.74	0.43	1.33	0.74	0.39	1.92	1.33	0.43	1.92	0.74	0.23	1.18	1.92	0.49	2.22	1.92	0.43	1.77	0.74	0.3	1.48	1.04	0.26	1.48	0.74	0.33	1.63	1.48	0.33	1.77	1.18	0.33	1.18	1.77	0.26
42	47.22	39.04	2.59	100	0.5	1	1	0	2	2.07	6.22	1.01	4.56	6.22	1.01	2.9	2.9	1.01	6.22	5.39	0.65	3.32	4.56	0.83	5.39	6.22	0.65	6.22	4.56	0.74	4.56	4.15	0.74	5.39	3.73	1.01	5.39	2.07	1.01	6.22	2.9	0.92	4.15	2.07	0.92	4.15	4.15	0.65	3.32	2.07	0.65
43	47.15	41.19	27.81	100	0.5	1	1	0	1	0.74	1.92	0.23	1.77	1.18	0.43	1.92	1.04	0.36	1.63	0.74	0.33	1.18	1.48	0.3	1.04	1.92	0.43	1.77	0.74	0.33	1.33	1.92	0.36	1.33	2.22	0.16	1.04	1.63	0.23	1.63	1.92	0.23	1.18	1.77	0.33	0.74	1.48	0.26	1.18	1.48	0.39
44	53.87	31.45	32.13	100	0.5	1	1	0	1	1.16	0.64	0.31	1.54	1.29	0.29	1.67	1.16	0.31	1.16	1.03	0.29	1.03	1.29	0.29	1.54	1.54	0.29	0.64	1.41	0.23	1.41	1.41	0.14	1.29	0.64	0.31	1.41	1.16	0.14	1.67	1.93	0.14	1.93	1.16	0.2	1.29	1.29	0.34	1.29	0.9	0.37
45	45.06	46.85	63.88	100	0.5	1	1	0	1	4.63	6.94	1.34	6.94	5.55	0.72	6.94	2.31	1.34	6.02	4.63	0.82	3.7	3.7	1.03	4.63	4.17	0.72	4.63	2.31	1.34	5.09	4.17	0.51	6.94	5.09	1.54	5.55	4.63	1.13	4.63	2.31	0.82	3.7	2.31	1.03	4.63	4.63	1.03	6.94	4.63	0.93
46	54.05	38.85	4.15	100	0.5	1	1	0	1	2.57	1.8	0.57	2.31	2.57	0.57	3.09	2.57	0.46	3.86	2.57	0.4	3.86	2.57	0.63	1.8	3.34	0.51	2.83	3.34	0.46	3.86	2.57	0.57	1.29	3.86	0.29	2.31	2.57	0.4	2.57	2.31	0.57	3.09	2.83	0.51	2.57	3.34	0.69	2.06	3.09	0.4
47	43.67	40.09	42.04	100	0.5	1	1	0	1	2.93	3.34	0.74	5.01	4.18	0.65	6.27	2.93	0.93	6.27	4.6	1.21	3.76	3.34	1.02	4.6	5.43	1.11	2.93	6.27	1.39	4.6	4.6	0.74	5.43	4.18	1.02	6.27	4.6	1.11	2.09	5.01	1.21	2.09	2.09	0.74	2.93	3.34	1.02	3.76	2.93	1.11
48	51.84	43.02	18.58	100	0.5	1	1	0	1	1.62	1.49	0.24	1.35	1.49	0.15	1.49	1.35	0.21	1.22	1.76	0.27	0.95	1.62	0.36	0.95	1.22	0.45	1.62	1.22	0.33	0.95	1.49	0.24	1.76	1.35	0.39	0.95	1.62	0.45	1.35	1.08	0.3	1.76	2.03	0.45	1.35	1.22	0.36	0.95	0.68	0.39
49	53.52	40.01	43.35	100	0.5	1	1	0	1	6.18	5.71	1.06	3.33	2.38	1.27	3.33	4.76	0.95	3.33	5.23	0.95	4.76	5.71	1.37	7.14	4.28	1.16	5.71	2.38	0.85	5.23	2.38	1.27	3.81	3.33	0.95	7.14	5.71	0.95	6.18	4.28	1.16	6.18	3.33	0.53	7.14	6.18	0.53	5.23	5.71	0.95
50	53.36	43.88	57.57	100	0.5	1	1	0	1	2.62	3.28	0.49	2.19	1.09	0.34	2.4	1.97	0.49	2.19	2.62	0.58	1.53	3.28	0.63	1.53	2.62	0.63	2.19	1.53	0.34	1.09	2.4	0.49	1.97	2.84	0.73	2.62	2.84	0.49	1.97	3.28	0.24	2.4	2.19	0.49	1.97	2.19	0.49	1.09	2.19	0.34
51	50.31	42.04	60.95	100	0.5	1	1	0	1	2.44	2.93	0.43	1.22	1.22	0.27	2.69	2.44	0.38	2.93	2.2	0.71	1.22	2.69	0.54	2.93	2.2	0.54	3.66	2.2	0.71	3.18	1.22	0.54	1.22	1.95	0.65	1.71	3.66	0.49	1.22	2.44	0.38	1.71	3.18	0.54	2.44	2.2	0.43	2.93	2.69	0.71
52	47.83	41.44	51.22	100	0.5	1	1	0	1	3.28	3.61	0.66	3.93	1.64	0.73	3.93	2.95	0.66	3.28	4.26	0.73	3.28	3.61	0.58	2.3	3.93	0.66	3.93	4.26	0.51	1.64	3.61	0.95	3.61	2.95	0.58	3.93	2.95	0.51	3.28	3.93	0.73	2.95	3.61	0.36	2.95	1.64	0.36	4.92	1.64	0.73
53	55.61	45.09	19.69	100	0.5	1	1	1	1	3.57	3.09	0.58	1.19	2.14	0.42	1.67	2.62	0.37	2.85	2.38	0.48	1.67	2.62	0.69	2.14	3.09	0.63	2.85	2.38	0.79	2.38	2.85	0.53	2.14	1.19	0.42	3.57	2.14	0.48	2.14	1.67	0.48	3.57	2.62	0.69	3.09	1.19	0.58	1.19	1.19	0.69
54	49.39	40.7	51.06	100	0.5	1	1	0	1	3.41	2.66	1.01	4.93	5.69	1.26	4.17	4.93	1.01	4.55	4.55	0.42	2.66	1.9	1.01	3.41	2.66	0.93	4.17	1.9	1.01	1.9	3.79	0.84	3.79	3.03	1.1	4.93	3.79	1.01	3.79	3.79	0.84	4.93	3.03	1.1	3.41	3.03	0.84	3.79	2.66	0.84
55	58.01	45.95	4.01	100	0.5	1	1	0	1	3.11	2.26	0.63	3.68	1.98	0.82	2.83	2.83	0.69	2.83	4.24	0.63	1.41	4.24	0.82	3.11	1.41	0.82	2.26	2.83	0.82	3.68	2.83	0.63	1.41	2.55	0.69	3.11	2.55	0.31	1.41	4.24	0.69	3.11	3.11	0.44	4.24	2.83	0.63	2.83	3.39	0.5
56	37.18	37.96	29.67	100	0.5	0	0	1	1	2.55	2.26	0.94	3.68	1.41	0.75	3.68	2.26	0.57	3.11	4.24	0.75	2.83	3.11	0.44	3.68	1.41	0.69	2.26	2.83	0.94	1.98	3.11	0.94	2.83	3.68	0.57	3.68	2.55	0.63	3.68	2.55	0.63	2.55	1.41	0.31	1.98	1.98	0.82	2.55	1.41	0.5
57	35.36	34.6	48.02	100	0.5	0	0	1	1	3.45	5.6	0.96	4.74	2.15	0.48	6.46	4.31	0.48	5.17	3.02	0.86	2.15	4.74	0.77	6.46	4.31	1.15	4.74	4.31	0.67	4.31	3.45	1.24	2.15	3.02	0.86	4.31	4.31	0.96	3.02	3.88	1.05	3.88	4.74	1.24	3.45	4.31	0.96	5.6	3.45	1.05
58	51.12	43.51	45.16	100	0.5	1	1	1	1	2.2	2.44	0.71	3.18	3.66	0.27	1.95	1.95	0.43	1.95	3.18	0.6	1.95	1.95	0.43	2.44	2.44	0.54	2.2	1.22	0.54	3.66	2.44	0.71	2.93	2.44	0.71	1.95	1.22	0.71	1.71	2.69	0.65	2.69	2.69	0.49	2.2	1.22	0.27	2.44	1.71	0.43
59	47.91	41.81	26.07	100	0.5	0	0	1	6	6.76	6.76	1.15	4.16	6.24	1.04	6.24	5.72	1.5	3.64	5.2	1.04	4.68	6.24	1.15	5.2	4.16	1.73	4.68	2.6	1.73	3.64	5.2	1.39	3.64	6.76	1.15	5.72	6.24	1.27	3.64	2.6	1.39	4.68	4.68	1.73	3.64	4.16	1.73	6.24	5.2	1.15
60	43.35	43.29	56.14	100	0.5	0	0	1	3	2.55	3.68	0.69	4.24	3.68	0.75	2.26	2.26	0.63	3.11	2.83	0.63	1.41	2.83	0.63	1.41	3.68	0.82	2.83	3.68	0.63	2.26	4.24	0.5	2.83	3.39	0.57	1.41	3.11	0.63	3.11	2.83	0.5	3.11	2.26	0.57	2.83	2.83	0.75	2.55	2.83	0.69
61	52.37	39.8	23.84	100	0.5	1	1	0	1	1.06	2.55	0.57	3.18	1.91	0.71	3.18	3.18	0.38	2.33	2.12	0.24	3.18	2.55	0.47	1.7	2.76	0.42	3.18	1.7	0.24	1.91	3.18	0.42	1.91	3.18	0.42	2.12	1.06	0.38	2.12	1.7	0.71	2.55	1.91	0.33	1.7	2.55	0.24	1.06	2.33	0.38
62	47.77	41.92	7.5	100	0.5	1	1	0	1	2.83	3.11	0.75	2.55	2.55	0.69	3.11	2.26	0.63	3.11	2.26	0.63	3.68	3.11	0.63	2.83	4.24	0.82	3.11	3.11	0.82	1.98	2.26	0.75	2.55	2.55	0.57	2.83	1.98	0.63	2.83	2.83	0.94	4.24	1.41	0.94	2.83	2.55	0.44	4.24	2.83	0.75
63	37.64	49.19	31.97	100	0.5	1	1	0	1	3.47	4.73	0.84	1.58	1.58	0.63	3.15	1.58	1.05	3.15	2.52	0.7	2.21	3.15	0.7	4.73	2.21	0.91	3.78	4.1	0.91	2.21	4.73	0.7	4.1	3.15	0.49	2.21	3.15	0.49	1.58	3.78	0.35	4.73	2.21	0.56	2.84	4.1	0.63	3.15	3.47	0.56
64	59.13	38.29	8.85	100	0.5	1	1	1	1	3.24	2.16	0.66	2.43	4.05	0.72	4.05	2.7	0.42	2.97	1.89	0.6	2.97	4.05	0.6	4.05	1.89	0.66	1.35	1.35	0.54	1.35	2.7	0.78	1.89	1.89	0.54	3.24	2.97	0.72	2.7	2.97	0.3	2.16	2.43	0.6	1.35	4.05	0.6	2.16	2.43	0.42
65	49.21	41.1	46.53	100	0.5	1	1	0	1	4.68	3.96	0.72	5.4	2.88	0.64	3.24	3.6	0.8	3.24	4.32	1.2	5.4	3.6	0.72	3.6	2.88	0.8	2.88	3.6	0.8	4.68	4.68	0.8	3.96	4.32	1.04	4.68	3.6	0.72	4.68	3.6	0.4	3.6	3.24	0.4	3.96	5.4	0.4	3.6	4.68	0.8
66	56.85	35.61	59.91	100	0.5	1	1	0	1	2.8	0.93	0.37	2.24	1.86	0.33	2.24	1.68	0.5	2.42	2.42	0.41	2.42	0.93	0.37	1.86	1.68	0.62	0.93	1.68	0.29	1.49	1.31	0.54	2.42	2.42	0.46	2.42	2.24	0.62	1.49	2.24	0.33	1.68	2.8	0.29	2.8	2.8	0.62	1.86	2.42	0.21
67	42.86	27.62	16.83	100	0.5	1	1	0	1	1.86	2.05	0.46	1.49	2.42	0.62	1.86	2.8	0.62	2.24	1.86	0.41	2.42	2.8	0.41	2.24	2.05	0.21	1.68	1.49	0.41	1.31	2.8	0.62	1.86	1.68	0.54	2.8	0.93	0.46	1.86	1.68	0.33	2.05	0.93	0.33	1.31	1.49	0.41	0.93	0.93	0.41
68	54.16	45.6	25.31	100	0.5	0	0	1	1	1.44	1.62	0.28	1.44	1.8	0.2	2.34	1.8	0.48	0.9	2.7	0.4	1.98	1.44	0.48	1.8	2.16	0.48	2.7	2.7	0.2	1.98	2.7	0.36	1.8	1.8	0.44	1.62	2.34	0.32	2.16	1.26	0.36	2.7	2.34	0.2	0.9	1.98	0.2	2.16	1.98	0.4
69	52.9	36.3	28.05	100	0.5	0	0	1	1	5.09	2.12	0.66	5.09	4.24	0.94	4.24	2.97	0.66	2.97	2.12	1.13	5.09	5.52	1.41	4.24	5.52	0.85	5.09	2.12	1.13	5.09	5.09	1.13	3.39	4.24	1.13	2.97	4.24	0.47	5.52	6.36	1.13	3.82	2.12	1.41	6.36	4.24	1.13	2.12	2.97	1.41
70	47.1	40.21	20.73	100	0.5	0	0	1	1	3.38	3.38	0.65	1.8	2.7	0.65	2.7	2.03	0.45	2.25	2.03	0.65	1.58	2.03	0.65	2.7	2.93	0.5	2.93	2.25	0.6	2.7	2.93	0.5	3.38	2.93	0.5	2.25	2.7	0.25	2.7	1.13	0.4	2.25	2.25	0.35	2.03	2.25	0.35	2.25	1.13	0.65
71	53.11	39.6	43.47	100	0.5	1	1	0	1	1.61	2.41	0.36	1.61	2.09	0.32	1.45	1.61	0.39	1.61	1.29	0.39	2.09	1.93	0.36	1.45	0.8	0.18	2.41	1.61	0.18	1.61	1.45	0.32	2.41	1.13	0.36	1.77	1.29	0.36	1.93	2.09	0.18	1.61	2.41	0.36	0.8	1.13	0.36	1.77	1.29	0.36
72	52.47	43.6	27.54	100	0.5	1	1	0	1	2.8	1.49	0.46	2.42	0.93	0.29	2.42	1.86	0.5	1.31	1.86	0.62	1.68	1.31	0.46	0.93	1.68	0.37	2.24	0.93	0.33	2.8	2.42	0.29	2.05	1.86	0.41	1.86	2.8	0.46	0.93	2.42	0.46	1.86	2.24	0.29	2.42	1.31	0.54	1.86	1.86	0.46
73	56.78	43.64	4.09	100	0.5	0	0	1	2	1.91	4.21	1.11	3.83	4.21	0.85	2.68	4.97	0.77	4.21	3.06	0.85	4.21	4.21	0.43	4.21	4.97	1.11	4.59	3.44	0.94	5.74	3.83	0.77	5.74	2.68	1.28	4.59	3.83	0.6	4.97	5.74	1.11	4.59	4.97	0.94	4.97	3.06	0.77	5.74	5.74	1.11
74	53.07	33.3	48.58	100	0.5	1	1	0	1	2.03	1.62	0.3	1.49	1.76	0.3	0.95	1.62	0.21	0.68	0.68	0.45	1.35	1.35	0.3	2.03	1.08	0.21	1.22	1.35	0.3	0.95	1.76	0.27	0.95	1.35	0.3	1.49	1.49	0.36	1.62	1.35	0.27	0.68	1.76	0.36	0.68	1.62	0.33	1.49	0.68	0.36
75	47.75	35.09	41.33	100	0.5	0	0	1	2	4.47	4.02	0.5	4.02	6.7	0.99	3.57	2.23	1.29	2.23	2.23	0.99	5.81	4.91	1.29	4.47	5.36	0.7	6.7	4.47	0.79	4.47	4.47	1.09	4.47	3.13	1.09	4.47	2.23	0.79	4.91	5.81	1.09	6.7	3.57	0.7	4.91	4.47	0.5	3.13	6.7	0.79
76	36.85	0	45.8	100	0.5	1	1	0	1	0	0	0	0	0	0	0	0	0	0	0	0	0	0	0	0	0	0	0	0	0	0	0	0	0	0	0	0	0	0	0	0	0	0	0	0	0	0	0	0	0	0
77	53.06	33.34	50.84	100	0.5	0	0	1	2	2.84	1.09	0.73	2.4	2.84	0.39	2.19	1.97	0.73	1.09	2.4	0.39	2.19	1.75	0.73	1.09	1.97	0.39	2.62	2.62	0.49	2.62	3.28	0.73	2.62	2.19	0.49	1.09	3.28	0.49	1.53	2.62	0.49	2.4	1.97	0.24	3.28	3.28	0.58	1.75	1.53	0.39
78	44.16	42.23	22.58	100	0.5	1	1	0	1	5.53	5.53	1.23	5.53	3.87	1.35	6.08	5.53	1.47	4.42	6.63	1.47	5.53	6.08	0.61	8.29	5.53	1.84	4.42	3.87	1.23	5.53	6.08	1.11	7.19	3.87	1.11	4.42	6.08	0.86	5.53	4.98	1.23	3.87	4.42	1.6	4.98	2.76	1.84	5.53	6.63	0.61
79	56.94	46.95	43.96	100	0.5	1	1	0	1	2.07	2.37	0.85	3.25	2.37	0.72	4.44	4.44	0.66	2.66	1.48	0.46	2.07	3.84	0.46	3.55	1.48	0.53	2.66	2.96	0.66	1.48	3.25	0.59	2.96	4.44	0.53	3.25	2.96	0.79	2.96	2.37	0.66	2.07	1.48	0.85	2.96	2.96	0.85	2.66	1.48	0.33
80	56.02	45.13	25.92	100	0.5	1	1	1	2	4.44	4.44	0.82	1.85	3.7	0.66	3.33	4.81	1.07	5.54	3.7	0.9	1.85	4.07	0.82	3.7	2.59	0.82	5.54	4.07	1.07	1.85	2.59	0.9	4.07	2.96	0.82	4.81	2.59	0.74	3.7	4.07	0.58	4.07	3.7	1.23	4.81	4.44	0.99	4.07	2.59	1.07
81	41.46	23.88	15.84	100	0.5	0	0	1	1	3.86	2.89	1.07	3.86	4.18	0.57	2.89	2.25	1.07	3.54	3.21	0.71	4.82	4.18	0.71	4.18	3.21	0.57	3.86	3.54	0.86	2.57	3.21	1.07	3.21	3.86	0.71	4.82	3.21	0.93	4.18	4.82	0.36	3.21	4.18	0.79	3.54	3.54	0.79	4.18	3.21	0.5
82	53.16	27.41	16.61	100	0.5	1	1	0	1	3.78	4.1	0.91	3.78	3.78	0.7	1.58	4.73	0.35	4.73	3.15	0.35	3.15	4.1	0.77	3.15	4.1	0.49	2.52	1.58	0.7	4.73	3.15	0.84	3.15	2.52	0.56	2.21	3.15	0.7	1.58	4.1	0.35	3.15	4.73	0.63	3.15	2.84	0.84	3.15	2.84	0.56
83	37.08	38.13	30.48	100	0.5	1	1	0	1	2.21	2.76	0.68	2.76	3.32	0.43	1.94	2.76	0.49	3.32	2.76	0.49	3.04	2.49	0.8	4.15	2.76	0.68	3.32	1.38	0.61	2.21	2.76	0.61	2.21	2.76	0.43	2.49	2.76	0.55	3.32	2.49	0.49	3.59	2.49	0.92	2.76	1.94	0.74	2.76	2.76	0.49
84	57.24	41.64	37.43	100	0.5	1	1	1	2	3.12	3.91	0.64	2.6	2.86	0.46	3.12	1.3	0.64	2.6	1.82	0.41	2.6	2.08	0.58	3.12	2.08	0.29	3.12	2.6	0.52	2.6	2.6	0.87	1.82	3.12	0.69	3.91	2.34	0.41	2.86	3.91	0.58	3.91	1.82	0.87	2.6	3.12	0.58	2.6	3.12	0.46
85	56.04	47.84	47.44	100	0.5	1	1	0	1	1.62	2.31	0.67	3.01	2.31	0.41	1.62	3.47	0.51	2.31	2.55	0.46	2.31	3.01	0.77	2.78	2.55	0.67	2.31	2.78	0.57	2.31	3.01	0.51	1.16	1.85	0.36	3.01	3.01	0.41	3.01	1.62	0.57	3.47	2.08	0.57	2.31	1.85	0.51	3.47	2.55	0.62
86	47.9	41.15	51.47	100	0.5	1	1	0	1	2.03	2.25	0.55	1.8	2.25	0.5	2.93	1.13	0.35	3.38	1.13	0.65	1.8	2.03	0.35	2.03	1.58	0.25	2.7	2.25	0.6	2.7	1.58	0.35	2.25	2.25	0.45	2.93	3.38	0.25	1.8	1.13	0.35	2.7	2.7	0.55	1.58	2.93	0.25	1.13	2.7	0.6
87	54.94	31.92	13.73	100	0.5	1	1	0	1	1.62	1.16	0.57	2.78	2.31	0.67	1.16	3.47	0.26	2.55	1.62	0.51	1.16	1.16	0.51	1.16	1.62	0.62	2.08	2.31	0.51	3.47	2.31	0.67	1.85	1.85	0.77	1.85	2.31	0.36	1.85	1.85	0.62	3.01	2.31	0.36	2.31	3.01	0.26	3.47	3.01	0.67
88	39.94	49.51	30.66	100	0.5	0	0	1	1	0.71	1.84	0.31	2.12	2.12	0.25	1.7	0.99	0.35	0.71	1.7	0.35	0.71	1.41	0.31	1.41	1.56	0.25	1.7	1.41	0.16	2.12	2.12	0.41	1.41	1.41	0.25	2.12	2.12	0.38	1.56	2.12	0.38	2.12	0.99	0.28	1.56	1.41	0.38	1.56	2.12	0.31
89	30.27	34.59	25.53	100	0.5	1	1	0	2	5.08	7.62	1.47	3.56	5.59	1.35	5.59	2.54	1.69	5.59	3.56	1.47	7.62	5.59	0.56	5.08	5.08	1.69	2.54	5.08	1.02	5.08	5.08	1.13	5.08	4.57	1.02	2.54	3.56	1.69	5.08	7.62	1.35	5.08	5.08	1.35	5.08	4.57	0.9	3.56	2.54	1.13
90	47.72	41.34	50.42	100	0.5	1	1	0	1	1.26	1.8	0.48	0.9	2.7	0.36	2.16	1.44	0.52	1.8	1.44	0.2	1.26	1.8	0.48	2.16	0.9	0.32	0.9	2.34	0.32	1.44	0.9	0.44	1.62	1.98	0.4	2.7	2.34	0.44	2.34	0.9	0.4	1.8	2.7	0.2	1.44	2.7	0.32	1.26	2.7	0.44
91	48.12	39.23	46.97	100	0.5	1	1	0	1	4.68	2.88	0.88	2.88	2.52	0.8	3.6	2.88	0.4	3.24	3.24	1.04	3.6	5.4	0.64	4.68	3.24	1.04	3.96	4.32	0.88	5.4	2.52	1.04	3.6	2.52	0.56	4.32	4.32	0.56	2.88	3.6	1.2	3.6	4.68	0.8	1.8	5.4	0.72	3.24	1.8	1.2
92	53.81	22.71	22.36	100	0.5	0	0	1	2	4.4	4.84	0.69	4.4	2.2	0.98	4.84	5.72	0.98	3.52	5.72	0.69	4.84	3.96	0.88	3.96	6.61	1.27	3.52	4.4	0.88	3.96	3.96	0.98	3.08	4.84	0.98	5.72	6.61	0.78	3.08	4.4	1.08	6.61	2.2	1.47	5.28	4.4	0.88	2.2	4.4	0.98
93	53.06	33.34	31.88	100	0.5	0	0	1	3	6.1	5.63	1.25	7.04	4.22	0.94	6.1	3.75	1.25	7.04	3.29	1.25	3.75	4.22	1.04	6.1	6.1	0.73	6.1	4.22	0.94	4.69	4.69	1.15	5.16	3.75	0.52	6.1	4.69	1.56	2.35	4.69	0.83	4.69	6.1	1.56	2.35	5.63	1.04	4.69	4.69	0.83
94	56.89	26.25	27.26	100	0.5	1	1	1	1	3.84	2.96	0.66	4.44	3.84	0.99	2.37	3.84	0.59	2.96	1.48	0.66	2.07	1.48	0.53	4.44	3.55	0.99	2.37	2.96	0.46	3.25	4.44	0.85	3.55	4.44	0.79	2.96	2.96	0.66	4.44	2.96	0.53	2.07	2.66	0.66	4.44	2.66	0.99	3.55	3.84	0.85
95	47.91	41.81	47.55	100	0.5	1	1	0	1	2.51	1.93	0.34	1.93	0.96	0.21	1.54	1.35	0.56	2.12	1.35	0.43	2.89	1.54	0.51	2.12	1.93	0.56	2.89	2.89	0.56	2.51	2.51	0.39	1.54	1.93	0.56	1.74	1.93	0.21	1.35	1.93	0.34	2.51	1.35	0.47	1.35	1.74	0.64	1.35	1.93	0.43
96	48.09	41.6	35.33	100	0.5	0	0	1	2	4.23	6.04	1.61	4.83	4.23	1.75	5.44	7.25	1.48	6.04	7.86	1.07	9.06	5.44	1.75	6.04	6.04	1.48	4.23	9.06	1.07	6.04	9.06	1.34	4.23	5.44	1.61	4.83	9.06	1.75	6.04	9.06	1.21	6.04	6.65	1.34	3.02	6.65	1.48	7.25	3.02	0.67
97	47.25	34.61	17.82	100	0.5	1	1	0	1	2.83	2.48	0.71	3.18	2.48	0.39	2.83	3.54	1.18	4.24	2.83	0.79	3.54	3.54	0.79	4.24	3.18	0.94	5.3	4.24	0.71	3.89	5.3	1.18	5.3	2.48	1.02	5.3	3.54	0.86	3.54	3.54	1.02	3.54	4.24	0.79	3.89	3.89	0.39	2.83	3.54	0.39
98	45.87	49.07	16.83	100	0.5	1	1	0	1	2.84	4.05	0.63	4.05	2.84	0.63	3.24	4.05	1.08	4.86	5.27	1.08	4.05	4.05	1.35	3.65	4.86	1.17	4.86	4.05	0.9	3.65	2.03	0.9	2.84	5.27	0.72	3.24	2.84	0.72	6.08	3.65	1.17	4.05	4.05	0.9	2.84	4.05	0.99	4.05	5.27	0.81
99	47.53	35.58	35.28	100	0.5	1	1	0	1	2.31	2.03	0.45	3.18	3.18	0.77	2.89	4.34	0.71	1.45	3.47	0.71	4.34	2.6	0.64	2.89	2.03	0.58	2.31	2.03	0.64	2.03	3.18	0.84	4.34	2.89	0.45	2.89	2.89	0.64	2.03	4.34	0.32	2.89	1.45	0.96	3.18	2.89	0.96	2.89	2.6	0.51
100	61.41	49.24	37.9	100	0.5	1	1	0	1	2.61	3.73	0.58	3.36	4.47	0.83	2.61	1.86	0.99	5.59	3.73	1.08	4.1	4.1	1.08	4.47	4.47	1.24	2.61	4.1	0.75	2.98	4.47	0.99	3.73	4.85	0.91	5.59	3.73	0.58	5.59	4.85	0.91	3.36	5.59	0.75	4.47	2.61	0.41	4.1	2.98	1.24
